500 0.001
0.001 1.65 0.067 0.2
0.3811550221526346 0.22314530346443862 0.7339448657684138 3.579996124044868 0.011342524612699856 1.9642677209327735
0.4136409299699258 2.690304085571457 0.6955639009172563 3.8820526313984804 0.001375879219249837 1.4844219259241809
0.1859701541713436 1.4260113753947956 0.5799644242964668 3.0591764073674264 -0.16884400888922968 2.3325273057675204
0.33258032358140915 1.6561821661833207 0.9931132982484825 4.265633780479462 -0.1699484692297852 1.504317511702288
0.15290274994909497 0.9582763134109129 0.721927747647911 2.4843300908329704 -0.12857988484781607 1.6258823638456037
0.012145109943619281 2.4176085786874775 0.9903171601798149 4.168216059517316 0.035978962359929284 1.1450286016597206
0.4530117524793222 1.9472890505250295 0.6122443719322119 3.7036391869034047 -0.1480334769597796 1.3777735576842423
0.39478907498041904 2.4207366494396014 0.5857369027938284 4.615923328317249 0.026748303136960278 1.088012085431063
0.4138586324946531 1.8711205606598285 0.9668930578402082 2.937303876790267 0.13603879498240234 1.7166992563791992
0.1905959120445196 1.6917331703223795 0.5782569557272764 2.875142375391539 0.06243773733419877 1.1906941345463786
0.16988660004890654 1.6243875039105777 0.8176362423013497 3.532851578557833 -0.017957549327524747 2.2617710798025907
0.005410065456735835 1.531916551712778 0.6693386707736224 2.926176685551364 0.10357756369806154 1.9505770135478313
0.13841687940029662 0.8100019212037352 0.626310625347806 2.5176745843085877 0.008611896159720633 2.341176696944315
0.4259827651229957 1.7727507888941756 0.7753355773976534 3.6252258085080955 -0.1329889076691412 2.325734230714475
0.4159303684390453 0.9327967228396837 0.7488367972430902 2.2371297019158143 0.11226334318117998 1.8340720820411462
0.4086046882963011 0.22415558784524048 0.8354555630138026 4.696689790904075 0.021006295953734405 2.3165599182626773
0.025027799783916782 0.5537840653189896 0.9318311405988962 2.977226452392906 -0.04068808789509007 1.9727731509440838
0.2051170250285974 0.63991087478866 0.8492868615542916 2.0906287753912456 -0.12798249794752425 1.8582050308167544
0.15812979307072939 2.664698425605105 0.9618651815927068 3.615902975099842 -0.16397783140799485 2.395561245658875
0.483789902052772 2.3837456668351336 0.6086570281329337 4.116514090529719 -0.037318508315701104 1.6175881101651781
0.42520491616420664 2.3559184323583255 0.8337949354473289 3.3457486576164612 0.0023606749880422107 2.0085194397212414
0.2684413862640911 1.0435991263398745 0.6855210377522586 2.0929141835409593 -0.1440827877990536 2.4341096549438648
0.37110046862166474 2.4738726998984353 0.61676216499567 3.35049619424563 0.14058783653427942 1.8822877801946065
0.49129046329161047 0.9070948497305761 0.7738859496034608 3.4088536429369127 -0.07296995280504884 2.4428999010419115
0.37112934654149177 1.9763590416240353 0.8659505941993322 2.9671111691549386 0.09611496037529771 2.2057651823966182
0.45915301947361037 2.29504099840909 0.9332828952669365 2.7132181332807033 -0.046363621864144555 2.2384384976760754
0.27156111136189104 0.8478360513876867 0.8035896859328875 2.512223756757413 0.13772843010647923 1.4839484630027724
0.34521452179166706 1.5723272800850507 0.6676763210249972 3.240966806743217 0.16980413883238216 1.1993204301045581
0.33849043103014714 2.1901755381795645 0.7598858121462322 2.990374632542667 0.03615607735421755 1.259756359543831
0.09134422293320993 2.7595710437481005 0.7332028209725181 2.076236751344855 0.15532458729532067 1.4359018718484267
0.17703996008161782 0.6046147243039262 0.6823909231091654 3.2711176005147062 0.10431544797275649 1.859219346051156
0.24024660471916154 0.6648771429205789 0.669085087161012 2.6125495444709768 0.1874102454858541 1.5725739400014476
0.14838936578373596 0.6258691571777159 0.8718276516527135 3.2496795027373353 -0.10831083506052153 1.7114113182834012
0.4580891384733341 2.0529937714397706 0.6588053517840373 3.094697503993373 0.07894314265436003 1.1427844195796315
0.26668465757171317 0.3584295720329572 0.9884422525848442 2.9937793661439276 0.10093004158157387 1.7056201330976823
0.39130223572759887 0.038068779960305665 0.7428810898769339 2.757860191656126 0.06167941915349118 2.346163766084719
0.2730430278030308 2.172680248941392 0.8541123983039414 4.5695517219360955 -0.07628187233314421 2.2435367078869906
0.21652953283237286 2.2720726660610513 0.6144094946188926 3.200714128163396 -0.17307939259013413 2.416958361635552
0.1312598640112692 1.89293951575183 0.5856854494822108 2.7528415981996117 -0.17690210661873185 1.8190007170380607
0.2834052049395324 0.028378900657783146 0.7020969131236807 4.038396489811215 -0.11364245369963842 2.3683473962562474
0.28244475533093866 2.992757929707463 0.7219244207457132 3.835969477779568 0.19939117053939953 1.4888194974503532
0.28831594424685336 2.4508376141828085 0.9855660745457926 2.041209020373577 -0.009202382440702817 1.97529223049573
0.2899780830949176 2.866543454645849 0.9037562971437386 3.9874706424163953 -0.007392385282108782 2.221492767474103
0.4372309139055121 0.9302279900113388 0.9663930142504468 4.620510483700098 0.04706584776030304 1.6377133571948381
0.06662215475771505 0.8144095677954059 0.7358663086542421 3.9459593679299014 0.17085448120897262 1.1621611147774393
0.03620067290696477 2.1728279113313222 0.6994234324781425 2.8319753818110724 -0.01255150112072484 1.2253716902002192
0.1712553912378395 1.6278198788299236 0.7643304339123591 3.4022709477561373 -0.054083952664854884 1.916969410108393
0.35437562809646744 2.5269938418597855 0.8746448263864359 3.1882031314432697 -0.13095050579551942 1.0227577453752785
0.2692913328514547 0.18623497247681198 0.6946139891311081 2.200107312165328 0.15245298301537785 1.762676419965189
0.45798165415953684 2.1829999504131696 0.7096275551171887 2.188945001003009 -0.025028884093093284 1.9546106510732457
0.13768004719390392 0.6316194222498601 0.9250597217272323 3.5580630159784743 -0.05818359845031515 2.2967858698623433
0.26531176615660756 2.0848675951614606 0.8969081012784297 2.9308764447143996 -0.0614654436444205 1.3390840199945968
0.37101777211579323 0.37347644168670135 0.6535303211618535 2.0564711448238144 0.17774836490758028 1.2928609939725462
0.08595611369719741 0.23571274170737988 0.5521281437213196 2.518153958233526 0.02329351084558301 2.311127847439611
0.3713352399202505 1.99204681511552 0.7167365249498312 4.441753508059183 -0.11138939963706945 2.3147596765921543
0.19639423636688003 2.5163494539121265 0.8850545483255151 2.3195225748345973 0.010824538959513241 2.3504868203047278
0.4252139248618832 0.0059742017831445615 0.8674883134217612 3.5987611688192853 0.08362730958893294 2.3636175181122594
0.3407096241542358 0.7803922617682356 0.9634595680630573 2.2537587317952856 -0.16201654489704548 2.38294141310622
0.42689939716339076 1.3090274870687988 0.6683534842036369 4.110651777330492 -0.003960286385201878 2.275348319186453
0.032661391000970874 2.7035113573674714 0.9979839511946932 4.740340006612994 -0.10963684221028439 2.044716200640238
0.056886055854897866 0.050911390599187256 0.9001530733348523 3.0233671936411413 -0.013993641847723781 1.2853697142556886
0.3205145353903239 2.8837960270272407 0.6168526962713535 4.481099358947975 -0.02694515891224586 1.3560348739758337
0.02609972631431534 0.6087545738031005 0.9693845512214336 2.0717058984699 -0.10407431258279881 2.04631914283417
0.19303361185811574 1.663507704079159 0.7932466558895459 4.844628269552322 -0.0692713349709789 2.4927875950127087
0.427553791459714 2.6560534363233015 0.7581014122254193 4.276600448671953 -0.18056919684531586 2.114557961526496
0.012739579470119389 0.026685420255861736 0.7403576620677612 4.9124728909815705 -0.17062065044356356 1.5425145236574584
0.028685900209593718 1.1827162457277578 0.7723751078289159 4.410400655492477 0.16520927969402355 1.7664208335704807
0.055149921864021456 2.2757859594639513 0.653158734970484 2.2487584050529343 -0.037655007190695644 1.4617667994045547
0.300436069724255 2.035262909206651 0.9236274306758936 2.5226142816193367 0.08790290577926718 2.279415627166219
0.4719563564276974 0.34062028876529693 0.6374388892190425 4.580710270368224 -0.1971208118451854 1.3596732426195768
0.12901593939771172 2.308162961230021 0.6945345466275437 4.602325865930665 -0.16460414902603546 2.048970077685218
0.3483537530129993 2.018999406821021 0.969353057964991 4.495800924819256 -0.04432686328968849 1.9657679159300259
0.10983546364912128 0.43676480349811286 0.8342270927053179 4.84262715510973 -0.188459735721645 2.1107064817039323
0.24419302887358724 2.5997155439843316 0.7716450855485737 2.4267120906178383 -0.07052775528701641 1.492642307295839
0.44316121950520726 1.3633485965207095 0.6656265941561341 2.8600156630167524 0.09990947366229552 1.544962534422957
0.05244120286128917 0.05738238236893234 0.8086918770428102 3.9510940843515994 0.040602566065106316 1.2562903581905924
0.31430776865358145 2.2003209478489527 0.8152427293463804 2.7546010155033134 0.04652477470263325 1.4558044897598241
0.41716679707522886 2.6946480931228374 0.6596238191145978 2.149272162615868 0.0019630626506574045 1.3648104906522252
0.24079816183713887 2.901835250507324 0.829751985593395 2.422994779832779 0.16749137434539102 1.667755917253258
0.022769782057939558 1.6333900970298223 0.837233935477773 3.1935539737498058 -0.0002879597698939862 2.347615754136078
0.3861128248509742 2.4098984015139604 0.629603416169957 3.21232124794687 -0.073353912103258 1.038543128465573
0.2686337985359622 0.6804351649947717 0.7272487484222824 4.372362605009354 0.09577068471151956 2.167692693869621
0.3270556790692418 1.5190946650546793 0.5535527533382328 4.030265047818789 -0.18558420380325563 1.679895170682924
0.12813474113831125 0.9518691181238618 0.5847763798714645 3.0427467096489766 -0.17764468810083991 2.3943919151583786
0.2916133648017396 2.7728320919492653 0.5855923523819659 2.978284222800981 -0.011472607769301535 2.1194848246802778
0.031770392278757775 1.5353326318916292 0.8483380120031007 2.2370379805467757 -0.062168903333609304 1.2116404813592898
0.22602882951284914 1.3945896946317244 0.7546277992500304 2.573133180411005 0.13919198091417012 2.4355611130629926
0.3779958515145733 1.5772724545750625 0.8243706605738135 3.9307804759050864 0.19058572733036167 2.2914092605401315
0.12145256007185679 0.1277739560449327 0.8796822153337176 3.0602890651477113 0.05266745102587922 1.844472756328873
0.4214150465126125 1.6586664214847355 0.9013818039730661 3.1022422752295036 -0.11414442411423852 1.073322870713692
0.07320686327368808 2.199445761573907 0.5744372237782203 3.39489060605525 -0.15795469676277316 1.3866799979128217
0.14010911792830283 1.928627853341885 0.7441579402459971 2.9959365523896118 0.059665748919290496 1.9800829689577504
0.24273565034920214 1.5677561730321727 0.7540880785859647 3.117618218298918 0.09909204073888178 2.0277351636598326
0.4456023225689684 1.4854039616306536 0.8096627039576758 3.7498798951717953 -0.00711525693854731 1.997064411606627
0.4499770922614777 1.003053573965492 0.5553793755566884 4.01049943557794 0.025015151056878404 2.2494862572956946
0.19589742656024473 2.9824201470253215 0.6643717104897398 2.9449762144646368 -0.15469084212097536 1.6524259487308965
0.3894979694932456 0.9211792770736059 0.8180100627161575 4.317163187454094 -0.18030296751968172 1.8776666657864312
0.4926445073932383 2.3787644198762457 0.6596874976301907 4.007263235393394 -0.1205592855620063 1.759872363074706
0.010715850633964241 0.43646444077085433 0.6408700590787824 2.803029314281665 0.1990787832452735 2.466373802329703
0.3818335853210608 2.162713120862639 0.9015900996332271 4.590350002146494 0.14401341235872417 1.589191674063559
