1000 0.001
0.001 1.65 0.067 0.2
0.009640798386935823 2.445452839742624 0.9839737736517766 2.1193025018573013 -0.04443740341078345 1.0394636076420636
0.036770200050764645 0.5858203603918423 0.8508067771730459 2.758045875328023 -0.10491179389218219 1.2364174325401458
0.3059096126627918 2.4761524640280537 0.5647809846114965 2.3812605289036677 -0.0681019962091916 1.0095258914306549
0.235072254586068 0.2752434912328471 0.7604714798127702 3.8795526501430095 -0.12946273999998759 2.317212402091113
0.4281668748331034 0.585381700075182 0.6727130153540668 3.3904702562990887 -0.17922893662782885 1.7690567332413285
0.2671618793778974 1.7519932363035966 0.9105183433159028 4.385477118096539 -0.14585426363255838 2.437480116684781
0.028833880726113092 2.001292552100866 0.9993451653378462 4.435113474048231 -0.14457621140433702 1.2689755729365204
0.4152420352408903 1.9869805829242986 0.6662759305433008 4.882234330212345 0.0637536067232845 1.6194612082022068
0.40876204993968795 0.7844512445647008 0.9989344556234752 2.322745401817458 0.05387318716144679 2.312815623420849
0.3321775681592708 2.5480732127130885 0.9696682707886668 4.935303689899569 0.1802348725747655 1.3152629189187313
0.4472677766172797 2.034331298943237 0.8526286101323807 3.29483799888054 -0.1268124456785793 2.4821106687152863
0.47925618458657526 0.47184236193458584 0.7398398516158398 2.144665048698612 0.13944216039837998 2.295519025031602
0.18461191014777256 0.6209825229394315 0.729004305717595 2.847926822049056 0.1513649223463681 1.081848430225767
0.4175614750801403 0.5743311010054357 0.9888322812418228 2.302352624932367 -0.10422271287804033 1.1990161762736549
0.06734473396877955 0.6303509873327204 0.5765116800107074 3.170323048172336 0.17406628744886143 1.8080056776600892
0.4904818577540713 0.9213085313667132 0.6870927476197246 2.921052250731538 -0.14007942853585115 1.749120906979936
0.16804963791946387 2.74485302206799 0.9985438945016338 3.5657005887528013 0.17880628351425382 1.5400662762562836
0.38528661437948075 2.6192148296167694 0.8036739813279076 2.0560454645246757 0.05359521371116738 1.4402180077711988
0.2097165569442465 2.9577581496216303 0.9173242161834987 4.9156868759286425 -0.08323177634931418 1.7071563663337705
0.3126351023550756 1.512256801048616 0.8728073464720076 4.688856954899668 -0.02924450312776533 1.5991551497238523
0.04746980910663445 2.507971697242998 0.5725052171720773 2.0820647382022224 0.01671663883532598 1.3561325338622923
0.23749094608725596 0.3503188147595634 0.8813726644846728 2.9774407981243685 0.11024824414298823 1.3058983041624375
0.06739451970078064 0.7769440565863122 0.7645856646482184 2.3237855937812935 -0.06082942009448869 1.218681866078497
0.06946423209073005 1.5550503507758688 0.9515736456492092 2.3846273345681546 0.06068304467316421 1.433632655346532
0.37345000158168523 1.096713724870265 0.8585651420862374 3.45966496688185 -0.039607382183502515 1.014424979217499
0.3319375807958198 1.9939307990842325 0.7125887825778053 4.9325642049774086 -0.03892761450918686 2.3626171439521912
0.42193677650831785 2.0793673782779756 0.7616171264049638 4.6424391250283135 -0.1262825296090676 1.668145054573534
0.21170941461882314 2.2207132208358713 0.8449202881284033 2.406124808121238 -0.1860207115664283 1.1524253249680765
0.4556206722400276 1.7872361629600544 0.6183143736781422 2.9002134643290627 0.06121004664759028 1.884564289318613
0.02533118932246542 1.3986236571538058 0.8843784475612854 4.965511442577064 -0.12396505368982993 1.7276435514860862
0.41575549836991954 1.7260291110592016 0.8060910788073001 3.6499344031738126 -0.16470478500210303 2.263622546222713
0.3996525397416843 1.3345993814102486 0.8422338231152111 4.9076914647353 0.0787894146672024 1.0407640760039094
0.026937057762830008 0.1968214102637762 0.6487839038211212 2.877592321033736 0.142214638731068 2.0855272629174624
0.1253692681795216 1.76636625043977 0.5751153121009196 4.668675588655272 -0.06861819842333294 1.093380135758831
0.3213024137652881 0.49630715900166644 0.8204650184058657 2.934226328227823 -0.0733160677149067 2.27296129706175
0.08023124315499469 1.2735043143406743 0.6395560065421645 2.855921223836315 -0.008799350835709735 1.4810925787669051
0.24785766533606451 0.3642753235904591 0.637513240459497 4.550295524543573 0.15125081796304018 1.7553948028207595
0.4573684505340016 0.031000691838791172 0.877114289085801 4.251111343261962 -0.1538169357735258 1.9868524431789554
0.4578850101189981 1.2159031224518801 0.5915063491367895 3.437945033599988 0.1837428178851716 2.2366597097995613
0.3381645093049104 2.955722207069577 0.8796069762882598 3.8508019333574746 -0.0756508877383046 1.6420419606296157
0.3621231874116348 2.004104302531916 0.585519121755653 3.4860389264899068 0.033547107702982915 1.3447493483776611
0.4259443757696428 0.13273446601237415 0.9919893091420244 4.196977454639715 0.16156793148545517 1.7001274046310657
0.026995711426844426 1.714834044101353 0.5757054202477744 3.2754691487283045 0.04394355842200634 1.6944399110753012
0.17565469300548636 2.0846563722251243 0.9115324462190597 2.6092767735016267 0.11559672216796102 1.2715810537551846
0.24621864016288086 1.1322703585090226 0.8361425448399603 4.4173324879223905 -0.09621679682740775 2.2972689789922773
0.2537949636071904 1.9210156669731226 0.6344343427822003 4.349931449384378 0.1666671197464311 1.9268835492733345
0.25594969274670776 1.0103294086593617 0.9058762206061668 4.024830496218938 0.083789636873005 1.242262819024831
0.3101928893171738 1.653262704258472 0.5874918207619226 4.7333774698768565 0.13308425390074274 1.4089588769525316
0.270619655875482 0.49778495419488733 0.7144741046449973 2.224140686763949 0.09777427114772952 1.2537256581947602
0.18920375312177645 0.3047806145521075 0.9335536533082704 3.247637214715784 -0.19689932193344772 1.1319949403419858
0.25547719009401043 0.4460784553329158 0.8142473651989263 4.804173363313398 -0.10286973430384833 1.4047971213583108
0.045029736443581214 2.647772414147291 0.7213381792824572 3.927700331385956 0.01716116376176985 1.04233447620386
0.040159343511820766 0.07703706121816056 0.6096896933212909 3.978204029345862 0.181228194137865 2.2905699037332132
0.2894542648441313 0.4316221867530782 0.6775108376657785 2.126181340116029 0.02943076316709825 1.0350354015138885
0.030835174466243398 1.9259262242303783 0.941062540111178 3.794399435479738 0.19482401764311447 1.8474323774272128
0.06980489831005748 2.6852770751989934 0.8972040218235875 2.592636723139157 -0.04347072352838971 2.0822464619624883
0.4481313111511655 2.191039124877916 0.5692984621871158 4.343295167840427 -0.14278997277825214 2.035029758129802
0.47634551159318667 2.235677249630491 0.7596967374597369 3.3702838715086036 0.00842378469674862 1.9472917849787588
0.037836702166673786 2.1706285121836837 0.6933044790449624 3.661312623940096 0.08723990269866766 1.6875373767210553
0.33506079190382676 1.3889667310605347 0.7211298756280513 2.306176986415117 -0.09826085718951148 2.051905658051907
0.09307661104217041 1.3442389758842526 0.6973202407332171 4.457830220170669 -0.00870587126974226 2.0851487471473296
0.4166857611972567 2.0059355950704143 0.7053286994003487 3.6125426984081654 0.04566971308922224 2.277966507318857
0.3563046433897776 1.3397597172935658 0.9998915430364832 4.735301178089877 0.17597216493692386 2.4414927641698627
0.010526173426207153 0.1664715225117791 0.8062574986901929 2.027608550042494 0.16730672802847807 1.9093112126927427
0.1781079404002962 0.20673342510367076 0.9724004179623605 3.4576419141096593 0.14705288778185455 1.0274920264424532
0.17340414912142488 2.384295620310799 0.7215583536004984 2.201247024201937 -0.1401783880206507 1.3060110360832757
0.3576726517298268 0.9552531515039495 0.9373605600143153 2.317724738689709 0.00825496265641168 1.2763372046623982
0.24820554635504893 1.5831502176683445 0.6870830291036436 4.749203199047398 -0.14306184259991409 1.2632782437149475
0.04526979540054571 0.9547255319609962 0.8191882764508015 2.9919712638387805 0.1848956672036393 2.496912202503475
0.3744728449511427 1.361610650941943 0.6346720602379194 4.8056418455327705 0.07701370721779349 2.4019743888490552
0.3345384249081286 1.8073444707599462 0.7038287969229355 3.3575822585372332 0.10996558352142438 1.7877072088322046
0.3108062658176196 0.7464250350061276 0.6410778681583434 4.513332035261634 -0.1990680529226206 2.3067240293873015
0.2640048718198057 0.8145567714713535 0.7622751257635694 4.999507210442187 -0.10084903468318474 1.9156958999350606
0.05728382107079444 1.4075078982943006 0.916305861630607 4.32484280259585 -0.10677742181023771 1.307894960840292
0.15230823028904739 0.14772638154980677 0.758488025022815 3.0978828258016757 0.0991651678815727 1.4634289682670145
0.2462506529944607 2.5269622051674117 0.993140401550753 2.937045665144295 0.09502436092763039 2.486890003259469
0.2788595648951164 0.808646563689161 0.9498846628994198 4.373199985336001 -0.1537969886609062 1.5596753486588582
0.4466749780998312 1.8952212263939217 0.7302065798654127 2.81733535491404 0.12360681780577365 2.3760822879861765
0.4870043453878519 1.5125887943021628 0.5854498263191283 3.0338605918498542 0.00888565234490618 1.2350120919813894
0.42027783781645967 0.7436635736939066 0.6535564938299737 2.0274617750547357 0.11556939984139031 1.9802277859609803
0.3268551103947397 0.957296991344974 0.8552111845387298 3.2556896755703932 0.002956061229551915 1.6494964740599065
0.19264255671164804 1.9408665091063133 0.8809406895395869 4.12416410142629 -0.14140565082409495 1.538246301256325
0.1323993904601567 2.6691856420892575 0.789949370462758 2.026904750767037 -0.009328720432841553 2.094781551817176
0.4779539907434752 0.2862176574504596 0.8124862690022527 2.92453323120316 0.12528500909660906 1.5515938044946322
0.32648264523095977 1.7950944227719083 0.6348474069015917 4.856777732425819 0.06497836491283526 2.297500856807484
0.4145403278724833 1.9485334836582129 0.9541417677348522 2.8672960632123763 -0.06058689263184425 1.9490094506508657
0.14986735551555697 2.7674809917172345 0.596169357089795 3.9994886348181735 0.1427473501650292 1.509791141764591
0.10723415764301986 1.5973115989735809 0.7405032383885264 2.027485605557115 0.1832144841497555 1.1514784745623474
0.40592023968873997 1.2930757208046912 0.8098188726436486 4.994785811350013 -0.08247303668888604 1.632627328098224
0.16912036555893373 0.5451237759996976 0.7296729187722074 2.984999187321082 0.03989537943180199 1.976580241789867
0.312100686810923 0.3305121929137712 0.9088693026606943 2.8539008436130784 0.08811728007332459 1.2465429454282373
0.11325940654709832 2.9231786226151293 0.5949121115429922 3.890214283953903 0.19421960948530587 2.3522362266889063
0.3655601345140411 2.643140756277092 0.9060744494766968 3.392099757038121 -0.05330392870414019 1.8729093511338741
0.35443328627684034 2.3101392245744394 0.7587682500886942 2.569943471571786 -0.12798743124496376 1.771213629049363
0.10204864595183832 2.08232615141973 0.7894017081333419 4.863786438220448 -0.09686994278248787 1.678727758593695
0.42313802656204824 1.4507340807968734 0.7906381683428272 3.717960870493026 0.049235466039002806 1.4094522335183066
0.05554776417160068 1.4967560882116808 0.6608257883951134 4.565885865122068 0.09345183430029386 2.4617270953902355
0.2574232596033152 0.3176691358181267 0.8841118011566658 3.2546312251937835 0.06020491885693291 1.6815332791733804
0.3923258382786723 2.631960332019153 0.9797162613216038 4.609398550185579 0.07227757146992747 1.0662510379130095
0.13295544717734692 1.6883333983446145 0.758656845148024 4.365653616138914 0.012457215145060013 1.8183957634835601
