2000 0.001
0.0015 1.65 0.07 0.2
0.25139669552066957 1.1793406303468834 0.7040491751019569 3.1534172755118464 -0.15895980622980563 1.663170765608601
0.06447008400199783 1.0210079978134319 0.8125113450844959 4.7811699603961095 0.022950651809082567 1.0696892654101313
0.20590079020656432 0.14506342031169128 0.7888351973661338 4.003220002926515 0.09230110369801886 2.3988748339142907
0.3357841649520763 0.031004421733947907 0.7736507668680106 2.67241053243561 0.1511593978335431 1.2914079694825702
0.13785133046972714 2.826267194040929 0.5970837311307531 3.2497297654505117 0.11245256633421458 1.0878096428979867
0.4952474400229405 2.4729254776151137 0.5732763654112991 4.769686421816078 0.15460069972399554 1.2049810192466028
0.1509453143513515 0.24335541865435872 0.759857381709695 4.74812272408486 0.1514617087527252 2.412944266694459
0.22769412601518185 2.2281684087348608 0.911591321024873 3.255878538886964 0.15839037212122714 1.3353796890143037
0.039645179239557626 0.02470713842478922 0.8360651314650209 2.0546608417884156 0.06290318621855001 1.1983503336082768
0.4317547733976763 2.2678034428395035 0.8947774611743607 4.884479074449185 0.18156777601623103 1.1287644744589271
0.4769144709143717 2.355549688285457 0.7434528530343159 2.4005417794906947 0.12396363764632307 2.4780430782176515
0.11886798316045416 1.0252511486738602 0.9618813437292603 3.349129600571049 0.10432239878045779 1.5815923196364599
0.4004664868208424 0.22541922685257854 0.8237972291671074 3.0388279115017447 -0.10617020876606681 1.1879208469841316
0.14530782122391456 1.9530280200809589 0.5889360683389168 2.9047129318278477 0.13280515410834892 1.158737090392909
0.08794003482493074 1.8195281252291857 0.6648443686148835 3.55247759109588 0.18034833927172228 2.3409109510442527
0.005852349581358718 2.8601710518426544 0.627235483690171 4.121628357155849 0.19964342345605846 1.9901114700902935
0.02001726265018583 0.09106382208089048 0.9605740427487184 4.407409763799107 0.11182296936660813 1.4863700936664392
0.0017321447357695474 1.2044619328436608 0.7097408682938762 3.3256946421686573 -0.1893937577169393 2.2831907078721363
0.4142451585833638 0.7550242213620382 0.7728846634616374 3.891579527311825 0.09877053208648745 1.3849737688057746
0.26897847746643605 2.534425129272419 0.766243149373843 4.0205768184047725 0.11540511071081488 1.1102085536703432
0.3994079174721449 2.438311611512002 0.7542170316501423 3.23607203776346 -0.11987570530391412 2.4760961729638438
0.30938231555148604 0.2542768410953623 0.6280864404094252 4.4139277828074395 0.09475242306455367 2.217198611479964
0.0007799875842071091 1.9694945599884524 0.8808635466241957 2.039698950583828 0.05601939230969388 2.114770458711525
0.18107639745669324 0.7187187611418232 0.7363316835645163 4.77963099231983 0.1423795806864478 1.124195305703645
0.01577477202167815 2.0710302440790844 0.9641032859222011 4.887694597078462 0.15496962942439496 1.7433443701559908
0.4517006697520009 2.125576742502825 0.6819685638831283 3.5696330770403235 0.11411048595968254 1.3101558618555695
0.26198231309803105 1.7054033455014346 0.8258417151659104 4.52985784189745 0.1859889007423558 2.296142425660979
0.09626689836525537 2.2296762977627864 0.7609494589892101 3.240925092314305 -0.1834820550301072 1.9982633886523433
0.423193669933794 1.5685357417319605 0.8485972129313708 3.0488665056600266 -0.17358277024976687 1.5285911857856844
0.2910007221556059 0.2198016460448069 0.8178185519468035 2.228369455810753 0.009486873202753682 1.5371757755092723
0.45244357764634185 2.548414870664031 0.5648024474831437 2.371465492357398 -0.14526486809023056 1.7899038758778358
0.28393334168947226 0.5679841232369321 0.8498538619828879 2.364607609098577 0.12083952726803293 1.2226192407576733
0.4212008683783154 1.2678795238164406 0.6019277372253523 2.9893125372543627 -0.12016123938639658 2.161912995280786
0.23629951539755611 0.6505807857307113 0.9248520091142773 2.2981820335893666 0.021861711703704906 2.109817070300563
0.32638637836344175 2.704853435673939 0.6880610240554698 3.7995389807933506 -0.11201004033461626 1.496339141363932
0.29333266077514947 2.790204992426601 0.7992154261792546 2.96460089032673 0.007328955618396499 1.85255363540286
0.4779208614554065 0.7597616555837321 0.6562477378498807 2.961331540697529 0.17604910118350986 1.9016415220391325
0.15720393912209274 0.6021625821929052 0.73493866700509 4.890101608709137 0.09726203221962881 1.1218511352239418
0.24162232679174744 1.3074801783194498 0.9605902649830917 3.3436900482168057 0.16406126492935608 2.435675210808502
0.33362911964873293 1.4144027182698182 0.7191074926484611 2.6016068206266625 -0.020793221093364733 1.1327937255231184
0.40162819468497146 0.5537765425306573 0.6407506190334644 2.876753312854239 0.05736351726828537 2.3082861417188414
0.11167783515601032 2.5606785454578302 0.9046452655733659 3.6431104986525074 -0.03954172317143634 1.1245869085960267
0.1051000272360072 1.795257470732256 0.9041984879701258 4.858467141663669 -0.00900797923025029 1.180820273192324
0.4796742481334719 2.3518353802562837 0.7140048429325656 2.9357631230777548 -0.005770916369671919 1.3427508268058914
0.10673624628639106 1.1936136158829516 0.8849799923931992 3.172136066421388 0.07144924326376179 1.1174819382765617
0.20639797538694132 1.6921235764199112 0.8301590922490221 3.66120287273415 -0.05306290595584259 1.4022033226590824
0.1381795152717314 0.2505858768870669 0.7835114550252013 2.834060328286556 -0.01565409392650552 1.8075705570993106
0.18621479224042592 0.06546886197430724 0.9719456648270086 4.780131684754131 -0.19173195888697012 1.6334758837832184
0.04697534987299501 0.2390703363383726 0.7361270294561261 4.372562467997049 -0.0950245158993762 2.098131953491827
0.1733981291946089 0.06220480022755226 0.6133727417630138 3.8417905392217513 0.18707144431768924 1.7505456742310113
0.415695089316233 0.9449806048664906 0.5998390711637646 3.1919614093050215 -0.13287460122940642 2.205186021601148
0.2750756512798719 2.2100480928076682 0.5923992098280977 3.62053438778816 -0.18542994700177054 1.4510803826688823
0.23537560273923613 0.362499150177091 0.9973219841127761 4.576128926871164 -0.16466221521391808 2.1820852887391613
0.0038877286616032514 1.5485841062119283 0.5822819753041617 4.572603422093072 -0.03560797175716743 1.081427642257875
0.17973655397914284 1.733643410204588 0.7496310159851659 3.3486403709640142 -0.16520282785204676 1.012700336560714
0.23609656869911094 0.7976859010113375 0.8049797570115298 4.4147051349893145 -0.17798875126270614 1.863094292363335
0.3915321623419288 0.040010225930393384 0.5638132982103109 2.6009746514187486 -0.07654099491371058 1.5227106330738502
0.29493895352248256 2.7786803299862863 0.7056016075126468 3.574467295859099 -0.08854036719963886 1.6387652124249776
0.42131544196487286 1.9258175613961415 0.7480342236992925 3.024699205617795 0.18943299221433513 1.8970189906561705
0.34007463758896567 2.1336705101928803 0.9961359991614966 3.822584173643446 -0.11483449078526689 1.2059997568170309
0.10718426121555041 2.630132212528782 0.6867270383019525 3.1381965703042987 0.1934836997865439 1.3113582309912293
0.16357762604619852 1.7134508915928834 0.8734582666958474 3.107141150721371 -0.04534659471393451 1.0620690315163424
0.04713352984479263 2.4017609779510427 0.9009363234299131 3.1221928569913433 -0.17057004810187562 1.640747862822143
0.28365202333625195 0.6978267283035066 0.7638197530982822 4.9414559466838375 -0.002639591375075273 1.326337782576555
0.23121269922186033 2.8598960307293977 0.6537247064952415 3.448562010390071 0.10906751732563641 2.293232269255392
0.4695786760558375 0.9127097757751478 0.6281043743756356 3.1112984111899853 -0.0823526539096692 2.290902937099963
0.10573844576582725 2.363225991965994 0.8049349715662217 3.5518179901155493 0.048950044600979015 2.233253574944743
0.2982027953628357 0.2998852162945038 0.7133710400621013 2.417923729047393 0.10036834454217097 1.5009491646990534
0.15702310862140645 2.4826644682299 0.6384674336287498 2.6092953783251076 0.1664483905949669 1.6668794561738525
0.36737302036304326 0.26320915020076774 0.8817926184372646 4.736729953750259 -0.06355307453501743 1.1453726045331933
0.25169815884205715 1.1861397632221573 0.9651501484977628 3.3345575522127175 -0.14556436873127324 1.8641575256429153
0.21066798110027507 0.5341737450003944 0.6723627283612321 3.9114727140279815 0.07088969283227498 2.212865818319946
0.2656210029195713 0.991908364099143 0.6953456867701259 4.1466967751326065 0.15445859063314493 1.3705114788540054
0.17439481620183056 2.0782673897134063 0.7093909604166914 4.087060211465608 0.012125975336011313 1.76404202223198
0.2403627222587844 0.4019836184626101 0.7309911874515755 2.2983627359530203 0.11903659616545997 2.009624338272916
0.25761197310647055 0.19155818107205902 0.9841177842828529 2.9139497050258085 -0.050180948309561074 2.3144499650702577
0.31122029384557365 0.6969541947012096 0.5804807270637439 4.395819332443873 -0.0986489303319985 2.108365716750118
0.07164799990520743 0.7954534614835738 0.7057440333686119 2.752520676202974 0.08478249164958063 1.027110146746478
0.08769126465892702 1.0077175432783736 0.754192052384059 2.470606633054696 0.19882004618416915 2.3133670163032996
0.4391675950951763 2.9593177005059816 0.9677979302525623 3.4174807253082675 -0.08614502367054776 1.9746542891322378
0.40050615595427247 0.5958084382781912 0.9016149522297536 4.387909197909841 0.19414009446339647 1.2705246013805027
0.12431003451826489 1.993920556087707 0.8482625631200689 4.553943187777121 -0.11680372271172144 1.7184280032663086
0.21158296436874485 2.031712306056964 0.7091858257613568 3.6593982478367297 0.1392532522083737 1.3470386315191691
0.42070201874697843 2.005397716217934 0.8199842405413958 4.47863149948008 0.014734842876564735 2.454229214105714
0.22612347250778264 0.9954190564357497 0.9471445290902929 2.8049115538849025 -0.0186745349770992 1.6509458081944328
0.09907759745496264 1.450920150785832 0.5899854670212078 2.916193781596153 0.1248743557460294 1.9278983308863409
0.14197488589262097 2.3971328650942465 0.7515350179522599 3.1685193346663647 0.09537723187210717 1.4304547967560388
0.10868277801405407 0.9501831751533434 0.6324533573401384 4.908966407751081 -0.012276408601657518 2.383724916960496
0.4765342941116774 1.9111024927422993 0.7993827454747491 4.652059822457944 -0.07011064932660777 2.0729523334831095
0.499572648487755 2.4801483649975364 0.9689809402343684 4.897846097999641 0.13025147914143664 1.4805680298542405
0.48686385181935776 2.1889714882651807 0.9976348916259505 3.972975419700234 0.14651314923353093 1.6128821721476714
0.18916634468348925 2.605048808748717 0.784534537831302 4.962447099149255 -0.13381675037637525 1.3364022027666091
0.43674225068340883 1.4294807837496875 0.8852542063129991 2.6568942736398053 0.16662013767263956 2.0982359568281286
0.4967294158177508 2.1057003973632415 0.7474677292724717 3.3438470569873386 0.10397529578559145 2.184249727700613
0.21451290665794986 0.16978679799373508 0.5831424939238787 3.8998917099682657 0.18323707333741712 1.7461169440952917
0.42413661983520884 2.9286926893372374 0.9096679719186591 2.3070900733770294 -0.1295192428111912 2.0597381806122863
0.20141554917047988 2.5381035848657594 0.7368794451445454 2.924542432376832 -0.13674700811958243 1.9473383714534227
0.06532500909403666 0.38729492908950647 0.7119541311236903 2.115824801484157 0.12040848840888985 1.8827675529997092
0.07547296585526564 2.2221406399427086 0.5950386233095258 3.899942369418591 -0.07861997076540539 2.132847623692696
0.2767391154240028 1.17147711059755 0.722526778849873 2.161764348197738 0.027358281184398342 1.541096239022958
0.303141369756013 0.25867199450564593 0.7834988129981572 4.507858922467304 0.13377216126819952 1.3290956643494836
0.08931126080803714 1.4522170638666827 0.8019571871290854 4.355184439040366 0.00820001526212119 1.377561858280355
0.07860788038037936 2.7705868220311594 0.8664352386636456 3.6805956617108784 -0.19852955845164041 2.0243293768864516
0.4380723163352881 0.8528898250758058 0.9137347414677373 2.465607577891248 -0.14386581731859122 2.0032117914839533
0.3201781304470082 2.484892819009446 0.9910050757956046 4.717395691502945 0.09313740737104792 2.1552990011383297
0.24265751315106926 2.0356017957224193 0.8563805554593447 4.770698760773488 -0.03892268649518199 1.4906651329297074
0.14386281353972147 1.5859708893488382 0.9630326678195257 4.895083142305392 -0.024972183233681833 2.3203422469594006
0.12486191200985858 1.1910445733828154 0.7555144924028385 2.37825479652921 0.05296317023305808 2.3763771481311133
0.02093255314308684 1.6484224592074748 0.790207633884723 3.745649996394943 0.030812096973622582 1.9266706192227272
0.14019437214637293 2.203207295176086 0.9545640783114441 2.4480732511151873 -0.012247165136745064 1.171546016714641
0.44218354133991905 0.9591754069597377 0.8277682288189141 4.791944278228221 0.005217075124149817 2.1724813072227853
0.21035439379189536 2.712428165510002 0.6194608044704345 4.091184000298442 -0.1577407126623135 1.108664465613956
0.20239541877596046 1.9265877491341685 0.5590434567585377 2.71031425366392 -0.07916642430448095 2.2121296054282276
0.440387235017297 2.1048588640793193 0.9029202383446282 2.9193657546009626 0.09831446547235201 1.8240964197706804
0.333926355742584 0.21557013822388604 0.9411754557536156 3.952360099076748 0.1867328859542447 1.2305767535146992
0.023572973100673356 2.9885592707983224 0.9851231767557862 4.602616456957682 0.002846344087875652 2.143918258371423
0.04769825906878433 2.6373374413765163 0.9108502112074668 2.601345326187805 0.1426648940993906 2.423644455042391
0.16045967991057852 1.7678473013031835 0.7225173888734959 3.496752305987883 0.11682505285749917 1.2901091924147456
0.137656920874421 0.5901310160521169 0.5670157159372368 2.0464758109735293 -0.07955789869240473 2.053817227138776
0.0681734369205288 0.897310798648332 0.7894388995733599 4.621814859618572 -0.08338665452894181 2.2600073802076066
0.2901169326917325 2.006686956831015 0.7879854837111182 2.270022038595299 0.060803515353787474 1.5904858688680261
0.1712482117923126 0.04300774247754935 0.7530250229124471 2.7064285092779246 0.020890445886589726 2.0336865453409563
0.33602572470362485 2.279122430645269 0.8120546436165559 4.430703879998632 0.12505399636047587 1.8568833481294633
0.08018694497625262 1.5806959899166855 0.568788784579651 3.040413028846597 -0.1311028637437625 1.04202712795494
0.05675279510870107 0.8661188141862132 0.7999960208883637 4.568680917104235 -0.03623058649814176 1.7323033123273317
0.03895721734104168 1.10536085494497 0.7597285634109225 4.989545619134912 -0.08430803276174488 2.3417697918812994
0.0790368663684915 2.3012638225562334 0.8584136483592624 2.2002998113655634 -0.009186329449599573 1.513131133334836
0.49077253328654014 2.936185492186979 0.8787749372520892 4.383389876580287 -0.1218304753252991 1.8517675583009192
0.26649187163391935 1.634712333836793 0.6749978023382504 3.0407852888437206 0.17596467886423683 1.410338167140831
0.0245665259962507 0.9253572300743369 0.6845431752021756 4.245086001910537 -0.009187167775306981 1.4628498577372335
0.24681458601261064 2.9194323903786406 0.8269553349653498 2.116578643557872 -0.09615879770434842 2.3097334195181585
0.04090954225017762 1.4671423277862323 0.5680613420952776 2.215911475065866 0.10655746068804056 1.4719432511448798
0.3006891005315676 0.16546931640657703 0.6695182609749682 4.239179141198344 0.0782138131367705 1.8410365417693348
0.3738780429164129 0.7352114662074288 0.8882087791331297 3.9812190481672953 -0.05148978180822961 1.0575467854120726
0.06698895923942577 1.1160378570993157 0.97462311579731 4.63501437556728 -0.033088944862730785 1.9623005950519707
0.36304321515718946 0.9757391434340632 0.769781559408151 3.301221540654417 0.02631195774761519 1.8790370477922462
0.40863943662446306 0.9283831165358166 0.9680483159916375 3.9384560606254486 -0.18867939596771413 1.2942341441803777
0.025541589020624922 2.0369694681298296 0.7076102484828991 2.3567315989384916 0.0603303400396179 1.8174771150212807
0.008099005119476699 2.3781654387896287 0.9988923021113667 4.804864445806077 0.19201980848209 1.801051484491325
0.06253822670181897 0.6618562190520174 0.5710037614827641 4.691961388701463 0.030750799771869092 2.4555794704497127
0.16082956906812212 1.2262591859884928 0.9923699531308512 3.042307042807624 -0.06946375136676552 1.6134594472007162
0.4799901045421533 0.1096756217959648 0.9089242314791108 3.0978558373975966 0.1817052511501484 1.5015021717385877
0.2713078576695638 0.9596238773420784 0.6770330204969468 2.9443756102247858 0.12017659285257098 2.1477039885055205
0.022497284612078672 0.5064489766757988 0.9103224682051311 4.822858259763216 0.14403470882976105 1.524000088548853
0.14740910995902112 2.8796350852794244 0.7187896322513492 4.695298407571308 -0.09868214451625597 2.4698269091272813
0.37824499888308954 1.778819102284086 0.8549339726707259 2.914510058317366 0.05757814943696382 1.3871603009813533
0.14282854198206785 2.4736951041101936 0.5876123035394752 4.19223107932042 0.015239544049280518 1.034799009538094
0.248564478427576 1.0689209233371237 0.9535515725596417 3.1252239796152477 -0.15630810623119548 1.7141364310110543
0.32577595625489464 1.0759482193914098 0.9134489126113152 2.9864004129974617 -0.04042398266491784 1.412066609685966
0.3893939428005745 1.3304502469403299 0.8494934730218865 2.8777525656380316 -0.02050030788883722 2.073361818948375
0.1875062100980519 1.4453769852798102 0.7107491256989396 3.9167563502033054 0.13347653806645 2.015493678499411
0.2718151527828996 0.41073061617277706 0.937859363864747 3.142143986321477 -0.1781339119250015 1.7854862341264386
0.1953133846954655 2.6282591328162663 0.7739517777620027 4.707054607840536 -0.11870499285011249 1.3049721101384524
0.17133149537317394 1.0578351243431245 0.9783305899808824 3.7609654737068854 -0.19890892295397095 1.1976358232535
0.16344822691884225 1.502849637459255 0.6281223843423087 4.208414963959895 -0.1322170731507012 1.00461516014115
0.2739058593558793 0.29957611079882773 0.7532870919979089 2.038035549263975 -0.0429305610675601 2.4721165520980315
0.3670296510745649 1.2561453348033131 0.9664728150450916 4.09250410373844 -0.13551877301518522 2.4667662679315967
0.19341131516469495 0.3174461926287687 0.7087784467714663 3.599297885312781 0.14799004036643992 1.2837060060453926
0.2733932514950027 0.20590522927838462 0.8743252454689054 3.9546059626354575 -0.13325273489019673 1.2157484367056288
0.1944063571189612 0.4778594456166255 0.6821629855090041 2.025306122942876 -0.11633098722143248 1.8742121597866936
0.22281167433507926 2.467644808468928 0.5960394378115038 3.7727335030339724 0.0032848957845380278 1.0284970552316066
0.431477252231324 1.658054310421421 0.7456535757500686 4.703039670738231 -0.07349148436961936 1.6772167453942144
0.17672518057964515 1.8121206919344868 0.6192852310351207 3.471597000045588 0.14854376100623584 1.4267261536945033
0.11897872467952936 0.09305803231128151 0.7835894830037496 3.8871845571250567 -0.10925616984850382 1.7172794281458783
0.4308367917826927 2.617384810212262 0.8212626653839589 2.3229728177287994 0.13924182759330134 2.471477137877759
0.4442659474565468 2.068771376374577 0.7283320514147329 3.505430888969121 -0.19403345119802187 2.2562329977052853
0.0656884977051832 0.8717300434952389 0.981151724825959 2.62484761560796 0.12449422054282666 1.8614228696723156
0.0724997047332182 1.2681067058612916 0.7495101739393089 3.4150610829270134 -0.09044900586466342 1.4387902698623884
0.17006142244443873 0.5574754993822266 0.8611263115242211 4.193569624836594 0.17608567277469162 2.2321815122546025
0.21113963798662166 0.5178636561294202 0.8253084664486966 2.4639401901452564 -0.03226570430774345 2.351065554799245
0.33411253902324 1.94077371976407 0.7324779521495463 4.442544922996873 0.0748112007530598 2.3319177780398044
0.14176932007814746 2.000518922264869 0.6147672760968552 3.0872992926409557 -0.18131912550329574 1.093868085337557
0.45480496692819544 0.8993961621428225 0.6972949538719794 2.7473908263482874 -0.04054335885426141 1.0919569002714569
0.2696610613279798 2.9776618035929836 0.9412890733524268 3.1727105850831956 -0.05417925843017901 1.7008238129208222
0.4781551769534822 1.1702146199751648 0.8743392600597322 4.490487448213468 -0.050299581918803515 2.222877146920684
0.19576628503882315 1.873620723859792 0.7416828608004477 3.7143087470153073 0.15466256411659324 1.3683122687617741
0.15122501276457595 2.045950997816099 0.8909069958656988 3.0866005010643462 -0.1418462601519324 1.1189232727151948
0.12012271120032247 2.467067018484051 0.8388305243776168 3.0824247966950047 0.19415925481410912 2.1332420458070827
0.16729050629570552 2.2162612104672768 0.8582200674562283 4.897614266918622 -0.12426500819377982 2.2794983519898535
0.30246477943870353 0.45214180158265815 0.716868289972212 2.2914997390492298 0.10197460450582063 1.4049923122055983
0.11214069421678186 0.741444908642955 0.698239141541809 2.7645920253351997 -0.1665872482014788 1.000007570494889
0.12302916878566822 1.9618600797163224 0.6872237754598016 3.5679810752995236 -0.04089982515663673 1.4935807806601349
0.14899504170583294 2.8954148257770034 0.9794299057829683 3.064660941582258 0.08911605893229918 1.3974024849780131
0.42129322675078223 2.500325705300891 0.5623700456645018 3.1816497012927676 0.10281169960665965 1.790214221288596
0.2367069847690182 1.2580637292638244 0.6275350543008102 4.098339584447791 -0.07969531651335791 1.9675469556915703
0.01985407778347109 2.053647511569151 0.6128953439003365 2.461109951633245 -0.1601905542507042 2.4258071412123305
0.007505176782706013 1.7933280409760917 0.9853338083132427 4.575013528293834 0.015535149606702658 1.139687971063391
0.4700937383156873 0.06993546162400122 0.9203688018177499 3.9030196314664964 0.17427163738350487 1.1773170377528368
0.33835123776697534 0.575639198822722 0.8853340225489514 3.5941772386562483 -0.13125839122279997 1.2701482519822513
0.3840207123838877 0.23418703973538968 0.7595606720494816 4.5736694822938375 0.1880215672025004 1.6088762193030413
0.2615271175678945 0.9876550520503962 0.629812310538856 2.5693730390747187 -0.015355828842500419 2.0998044621197347
0.3898502508384168 2.6306646328391063 0.6521953826183366 3.669420943413316 0.0687200449085234 2.346135307971532
0.1656017862303057 0.6619187253485528 0.6439788264167761 3.765028514853604 0.04166749300997999 1.3356304832618129
0.2937592517846099 1.6618442433247254 0.6974564026857529 4.6896423927088975 -0.10399349379720557 1.612765475666925
0.11848849821592616 2.4294482450714865 0.5665690338166202 2.133811764071151 0.055261115023979956 2.065385404538901
0.3329298808044309 2.164825131723166 0.5940166798213321 3.479916889531274 -0.022862984977542078 1.8927389715931486
0.34915684593283963 0.4399279809462502 0.762143962755516 2.7038500668835823 -0.13343325197182282 1.594691390623222
0.2930098115677143 2.0743943326332133 0.8922916962420756 4.690929111793807 0.11662784713088276 2.278734271889034
0.20905042589511402 2.6040547486229757 0.7599496489458241 4.499459460782704 0.007444121879458587 2.286907655010746
0.4530497563874378 2.2150822094111335 0.7557479812697456 3.237074738707739 0.12139341152236899 1.4233882307364583
0.22919629956656046 1.970730544306764 0.8775577993470041 4.723757926509186 0.05032915492168544 1.8924768175071547
0.4967432378474975 2.2290098381615495 0.569732957832443 3.275801092844607 0.049430458613305694 1.096635372654715
0.3704691187308123 1.2737206599369282 0.6968616184360038 4.500890583739578 0.11741912226901391 1.2704380280686978
0.037769298547439045 1.476390652855648 0.8915948475832745 2.3035698172114696 -0.14666600857001597 1.826563177515142
0.3929191670587286 0.7871611186237143 0.8864698567284999 2.4809499105983708 -0.07551570975271056 1.9328251375406797
0.11020380440463362 1.4751528239501255 0.8962853047188271 3.3883100899347713 0.1519045105544657 1.2597589948531556
0.1991938243623908 1.5504925428349399 0.751435998162494 2.89795931177788 -0.11583855507267754 1.3844807212419736
0.4670313420139925 1.504754002314228 0.8339348399050992 4.905937297199712 -0.1321048551571571 1.9796433585933357
0.44378856051639515 2.67711268500471 0.9044200144796235 3.9946682549860273 -0.14149703329999005 1.1887249773036521
0.055728488803782894 2.622008775792019 0.82765855185132 2.458361199307286 0.015365668693991363 1.7109360074295232
0.0657310591499764 1.0522598984376064 0.7112472899663482 3.4624217463173683 0.07074581342283082 1.0417042577506983
0.08824962159372773 2.0872109039973417 0.5603606020578995 3.4012059977084395 0.17472222190629755 1.9470075960133115
0.10859597847432062 1.4739208480740267 0.9984522165985326 2.6265155219626486 0.08317192234053411 2.3594892320962195
0.031601092005601794 0.7186626831849594 0.9259033616049048 3.265320884850842 0.1641832029964047 1.9515712000383056
0.45451973896506875 1.3636274223818003 0.6483843865200792 4.0085602472843584 -0.12321741826203528 1.8311320341843325
0.33401305073485116 1.7441751486192385 0.862802835508488 4.811675058365324 0.09469991155495444 2.0426522256649684
0.44091452540115356 2.3583572370101233 0.7477467622061637 3.40176327799387 -0.19371187907366116 1.3126308646615616
0.046699222027154375 0.30954321992723133 0.6981700210717188 3.787233984139622 -0.05348838169809392 2.1938471545083855
0.45162770932763635 0.254592688325625 0.9375599346369402 3.23248845727801 0.12538716812008 1.3572175266448538
0.10561200081797173 1.7819190046878737 0.7411466447869194 3.549360132267358 -0.18433593735059423 1.4645193820812397
0.38138910108250873 0.03998955207286381 0.9600395892795941 2.3667129135360385 -0.1429171085362031 2.434809891780623
0.44579455932036444 0.4126156356630005 0.7034623781240992 2.5850878543763356 0.001600216206116667 1.4334917958371
0.20410505846725208 2.294477801625091 0.714086814353823 4.041958599747211 0.11642112996843007 1.6873588963846626
0.48461423768351 2.586495137142867 0.9239104045137139 3.541639576901108 -0.1870211653147946 1.8373306896517394
0.23967394793254465 2.55610064961606 0.8312595135842052 3.506618357693056 -0.09097506495357077 1.2079372150347136
0.124041571243034 1.7614481594731692 0.9003874046479297 4.423486556751657 -0.048399188132530746 1.9246014207970845
0.004066714109167757 2.96112780905767 0.7551976459689451 3.4086576593086084 0.07566626372254004 1.904978051919806
0.4033524439320242 1.7995504193108878 0.8859235550132605 4.823585195513596 -0.07660554891377234 2.117481421969699
0.30247857233247766 0.004201806350888737 0.6871391866827933 4.419155501118776 0.11229777742254632 2.4656275550498687
0.4211331925536552 2.992630884870165 0.8552961781041106 3.234143069536246 -0.1637782812435231 1.2564259467185404
0.45269437152798686 2.9246043620625963 0.8804708733960311 2.1750626634390553 0.06707936475437515 2.1540276037661585
0.2702304066511533 1.7090284145105312 0.7149318424048009 2.379015622298747 -0.17414436098695263 1.4449436601992314
0.2450876086702065 2.247161783463234 0.7604543101661658 4.419836703903705 -0.0481037105539705 1.359581895669643
0.332942329309388 2.2656570943056913 0.8740160982933227 4.831860392014828 -0.019702891588850135 1.8683248152994318
0.2977169746466929 2.309916465726179 0.6609891094676756 4.303300991064338 -0.09910930685919626 1.7676918135814894
0.029411304053631016 0.6716073987843012 0.7475544101382084 3.751793474870576 0.11480060052862606 1.5284271210300455
0.13211229355617354 1.3475746882303183 0.9469462296671427 4.229963971659478 -0.1761631655750806 2.2720337687039525
0.2414221040950697 2.2259931703471256 0.7872476270802181 3.3378043398704045 -0.08076904261528949 2.4806727277368257
0.12432406904452964 0.7008007025710611 0.9410604171539456 2.1488156139504753 -0.13280973092585763 1.068405962914713
0.11204204158630343 2.620773776379114 0.6034942702976018 3.115043503516149 0.07228139850018611 2.2477482591941462
0.3676625648841631 2.5758833317076886 0.7276670507593173 4.4764705226981345 -0.09391779174660889 1.093218723464557
0.407694306306172 1.0296645188539326 0.7647184181982353 3.760728798084592 -0.042346294199702206 2.019579687269268
0.24851392070059625 1.0367389189170642 0.7034654949296875 3.0864079461884906 -0.156515893783347 2.139775331216644
0.2450726037021762 0.8513577342162186 0.8156601839292346 2.2847378025217178 0.12848939932162406 1.7541542608265361
0.1536097966040414 2.00095251217462 0.6646699752799432 2.5377584500407897 -0.08366589299070895 1.2833849854334387
0.4073254545148415 2.0760541784475754 0.7608705769816003 4.363235750236987 -0.16331463126396742 1.8690351701594758
0.2710453260370321 1.8356212224006705 0.6685361705462132 3.3515036127601645 -0.1684100085253403 1.0950559792005787
0.2861296830511233 2.624728198296433 0.7207725813307203 3.541308657588636 -0.12222604464813856 1.959035447899315
0.05359147062522451 2.501682603965998 0.577168445898747 3.523118373197657 0.039989431461700475 2.387487264078304
0.3943742511378656 0.29603695164060406 0.7088759400386675 4.867824858829236 -0.08608934646378104 1.2343605060777656
0.40769075205483185 2.0359785236253294 0.7231711490053707 3.354725368962769 0.16171109175428566 2.0692964111806136
0.07161781375500875 2.646053810245964 0.5708979614966518 4.484377189581707 -0.0857239062348043 2.401421974428884
0.3258401544777745 1.2111772056904755 0.947687335119273 3.6340007718077736 -0.0010587516833674704 1.6574245015163163
0.017529719779018293 0.9732394562977288 0.9315483270631305 4.656594387593914 -0.09443560140339408 1.1321116702646834
0.3898479501609538 0.8487089813132059 0.6135793803619776 4.608308881615614 -0.09347571731846177 1.6171896909648593
0.4579529524737354 2.1387394783356406 0.8849737414147298 4.575659358264991 -0.15703565128024521 1.2692705111008389
0.07136456176770856 0.2906207176213391 0.9137836524244705 3.749706303247721 0.17633138290974626 1.992742592697016
0.0806318349948415 2.4216399160628175 0.7983784524677707 4.207743222392322 -0.13343618824065667 1.2707233154719153
0.1785893320151627 0.37816570063750576 0.8425037213879853 3.069808175977636 0.0017479813648556275 2.2581631905845265
0.11799228881522689 2.533369169822281 0.8577285414681988 3.8546841472603686 -0.15132341066644914 1.2089631234131293
0.38621550641110614 2.0160696973857317 0.6978688980624678 2.5008452670430175 0.13370158191412224 2.404330658171152
0.1945864026059546 2.413242239301796 0.7491449392231693 3.8164240512129988 0.1702718158029326 2.1151272925276627
0.40823636908373534 0.3994907556234837 0.8305501732701281 4.8191904989328975 -0.16651644185622672 1.240094512145302
0.3361856390722988 0.02740137355704908 0.5722942975163817 4.232854283301544 0.08412544109732562 1.0330587138311373
0.052997748405784584 1.8108491722152968 0.7867263232797624 4.518304599948197 0.08209732183325802 1.7419660484767348
0.35858147029651555 1.2515058993246881 0.7086318700933835 2.7928442288507207 -0.17111527867722415 1.0663575890490653
0.09710383731615885 0.7317844422260259 0.7376402549333991 3.16279897418158 0.0850985536377698 2.1079933173691674
0.39273412681025854 2.675770742913455 0.733048503696767 2.6015482216871297 -0.05395844089436272 1.188548497443786
0.42690886296827285 0.6483958637143502 0.7792256387681427 4.214973708207614 -0.06969069797142194 1.6092766683984268
0.0864006606928378 0.9057760457412879 0.6189279391881521 4.342566435981253 0.09786666685996909 2.0285004035701695
0.032169518144875675 0.4014921969111753 0.9653103452086533 3.8620714415194963 -0.17105954078641836 1.1634476981403656
0.007911063529571327 0.37102314822242666 0.9575544185343523 2.2438310166602218 -0.07176590157656562 1.4251636104607177
0.3995831772410906 2.117226667846099 0.7298739490621181 3.8245065699796768 -0.12494229785036857 1.8689453812627213
0.3105459965674908 1.945756849580141 0.6624264883415426 3.181643302705278 -0.009793500204669764 1.9867251301012023
0.2569571682338862 2.7697407548402264 0.797887968094383 2.6197642514183843 0.11027725196391303 2.466816143858142
0.44714993670924746 1.3820595153332391 0.7907939954098787 4.232608986393527 -0.13346407456162185 1.7603767748367503
0.23446744940934144 1.0487020925804666 0.9886671024188176 3.736367883700056 0.007789375936067933 1.8644843437515524
0.24458590109605965 0.46924698277704713 0.7322540083497192 2.094409330762394 0.04893429291513632 1.8494776102321535
0.44661122848556783 0.694139110981428 0.7237166751391315 4.510952094061237 -0.05969474650636944 1.373940367413291
0.03631397568750738 1.3600760200375146 0.5892653310055617 2.0667648373606236 -0.09952791390966827 2.316450694506032
0.4111256681023412 0.3335092858870349 0.920545030512691 3.2124340063965957 0.12199095571143431 1.9905697269074025
0.2003822926883556 2.0959835852068753 0.7198319562090651 2.799856034959702 0.002673751462870383 1.950547198606649
0.09978249857872867 2.692797235378228 0.9165632447127696 2.207915504001866 -0.0712902177377567 1.6393750536900304
0.17185176583909945 2.924038509307678 0.5842014985193057 3.6516003598187714 0.06415500154249493 1.4895762761312532
0.38924056748955527 1.9366170238055151 0.937210151853078 4.731114673391024 -0.04025983837259561 1.7025877690757631
0.15883036361549435 2.9023622285662127 0.5891254503431175 2.049508146503255 -0.1785843171352319 2.066455639418127
0.423814946242559 0.4390959089870049 0.7521331839443706 3.093002326655884 0.18972323656912898 1.3067962726767395
0.19723026253739667 2.5607255087793472 0.9593085871416072 4.9492574785682955 0.12783236389075414 2.1632443445105665
0.18812357254776296 2.0453633129833166 0.6478524898672419 4.049752602932724 -0.03899490130843461 2.4350922261046737
0.2916269244542412 0.030821104494518914 0.5896804781887065 2.8835028843853103 0.10453950773242576 2.1091947710374477
0.3038255052209159 0.3691117037521121 0.6464115284538859 4.72550105886189 -0.1685774435759262 1.2057512748174208
0.2569040740480233 1.181591745918872 0.8799499167521682 3.1410913155156477 -0.017759321966375474 2.107185201639595
0.3831091254208278 2.519290535726091 0.7973790670835535 2.2252887343634056 -0.0898447697151287 2.3753855742092087
0.12083732734762964 0.44934053959790277 0.6891581868288792 2.5600441265897116 -0.0073985254351625895 2.154324569084393
0.34471849480419386 1.0697304352380792 0.6677156639557837 4.362652142074742 -0.0317125635676716 2.414756064779793
0.05294813123340808 1.6827598374343409 0.5574107486140685 2.1368292279001326 0.02055533770031523 2.2497140230440946
0.02619939189792858 0.2775980354619868 0.6765688635091426 3.8821195537385353 0.1181307960626688 1.4984775446096092
0.21001854478398807 1.7374681962925589 0.7223225532088479 2.6537469735526598 0.015501708623924942 1.9330252005671247
0.1729603950121532 1.9291896761272267 0.8489381700429894 4.263221958593882 -0.18556620570450055 1.46602050355971
0.4810548431420648 2.616961676801881 0.8877755770254054 2.902468988768915 -0.07143091617659875 2.307618073315261
0.45625620633650543 1.1758811111691254 0.7336328585990962 2.091697816025828 0.062033138678031674 1.2352602083660684
0.18006288858824498 1.587631586484925 0.8276912085177683 4.264055311455373 0.15078290559667823 1.0456021475379538
0.40744253569039746 0.6502152341970056 0.9236422288173256 2.6602358201180314 0.052874276966612066 1.4160507376022604
0.1434659680604396 0.05254582640428518 0.6707667972697292 2.9231562231268096 -0.15204379748237873 2.2120363693132723
0.1541354709688395 1.5228158716622016 0.9709378008691429 3.373156464743925 0.09998037233874679 1.8174037508046672
0.1306451189013802 1.0090558113477406 0.7466073334046978 2.7633483271887043 -0.12701700610190284 1.788539307186424
0.3230054120842378 2.7698887088499555 0.5556822560320974 2.87534027666528 -0.14199057163427875 1.5671789022404568
0.3407862164928317 2.5358271975930102 0.6735719134753692 2.827788724242695 -0.163108905165904 1.3312945515044452
0.4785935722731043 2.1521216609929357 0.8073403083789574 2.8117029203292816 -0.1569702007435776 1.258825992070519
0.1247161422726481 1.8806969234786792 0.7037571055091539 4.250330343420358 -0.18691776653898803 1.0749357082076985
0.2602641874666817 2.5673739297699982 0.6775912811837042 2.002628869251938 -0.17895069745843487 2.303168840010967
0.2522818429449603 2.321612346742826 0.8579539353126819 4.017215544692786 -0.07492600176177372 2.3370395612727286
0.24156383967139516 0.8965042653683201 0.9422567452088497 3.3667074753258635 -0.07190400251709517 1.5687656062261128
0.4279486222662192 2.24688115411418 0.6872957565968104 4.114226937246376 -0.059902982443518216 1.65850232977687
0.19783800296351362 1.0333166121183193 0.8160069526301564 2.661749386660212 -0.11968922386110666 1.5629819478642766
0.472211959399785 1.7096751618315735 0.6215764661890454 2.23271780353651 -0.1950497888461442 1.0791573029247923
0.38399699670077564 0.856830252223343 0.5669325777188221 3.460378139667592 -0.178278888624123 2.3414434282033736
0.27930818535158014 1.9762324984728048 0.8357264721936228 3.93184396034719 -0.04127497056821547 1.490346290330001
0.4292967384392655 2.5649783910847077 0.6966159383136772 3.322308639308539 0.026364440203325096 1.3099673112486039
0.05571415265196239 1.1370742193842298 0.6570096045436138 4.167861038020258 -0.13654971284796003 2.383394162584647
0.3917335908694702 1.6319879665536887 0.7982561249110521 2.623556720534442 0.17648494192361858 2.31034140358543
0.21518689700734733 1.7886507079429828 0.7299002284207204 3.5479794706661503 -0.1273826732927319 1.5930729117459965
0.0922325003052844 0.6784452495658855 0.7236004325003612 4.25236545473378 0.06510602151340045 2.1560520948565576
0.15993919204238116 0.17152322884284998 0.975161840790168 4.960006672542618 0.19099966831271936 1.5587096764650281
0.20445461079896604 1.429196312411225 0.6891015699500874 2.2712325563826816 -0.10768117280755991 1.0244744665938568
0.04108033360368374 0.4061848582801273 0.6940110889147943 2.907271983000811 -0.06057746009722362 1.403871103450252
0.2026248431764444 0.23364047455455783 0.7217092822904754 2.86063168991196 -0.043589583479093724 2.335264417189124
0.14222298437618042 2.0543054233268965 0.8654358466520597 3.666889745061466 -0.19341741101674828 1.378795979340256
0.1350109484486815 0.46987935103830103 0.6580674224064044 3.3559024552659755 -0.10397150522960885 1.3635514867130545
0.47160473723380486 2.218783564087685 0.9857167432053812 2.353452264613335 -0.01640405721744384 1.2555375180977228
0.2912986068927838 1.484404115287464 0.9672234700998508 2.897484727521783 -0.131510927928567 2.458821242999371
0.21022802798395918 1.1710727711351643 0.7101484041453512 3.51593070974652 0.1839786666769438 1.6788177859612128
0.11526278366994808 0.0319290813739721 0.6343825675453298 4.474405230643425 0.02563585432935689 1.3811558638622368
0.21713728393825865 2.3030590152931514 0.7178116334761467 3.286434329528091 -0.029028568798830617 1.057065129509184
0.07254277582604207 0.8252759179913794 0.8127661870569346 4.790952765474223 -0.1174568510992117 1.7702574274117098
0.4102294505037892 0.08507307289922783 0.8552042908076862 3.4578697344416844 0.19331854301944412 2.2037867025676006
0.3251990402036006 1.0376399814664479 0.817806235732677 3.8374213472796033 0.0275608827047987 2.3690756146530454
0.2949594899292781 0.4081916120529727 0.8312375683548039 2.2708456518258173 -0.1244967515487586 1.5686247542997283
0.42975087729350614 1.0115567066926254 0.5603196863142458 3.333743379705964 0.13507333388255377 2.028147320818023
0.20522452709635453 1.7951340243603382 0.9337403260390532 3.273854860204106 -0.06344198914844501 1.4344740559345635
0.3218259454962551 0.2207320790790568 0.9485135649343986 3.210938349988024 -0.15726427649022168 1.715935370706041
0.21679575565744635 1.925581920825331 0.7502057543949909 4.733053327609497 0.08887358759057018 2.2269931326773107
0.4320677753149737 2.3014990803982966 0.5693318405849259 3.7950570743502823 -0.11225926033046836 1.4113133222570389
0.3365131082593236 1.0686701446277103 0.9995000055430295 3.090525035415385 0.07016105594562755 2.376436951693748
0.3366047296070994 0.3810065959649396 0.6370640155634704 2.914985703464565 -0.12217848581318269 1.2191251736046154
0.49732697644937884 1.2367315512383534 0.706654361796386 4.74752683579 -0.021641584264296465 2.493606681336282
0.1842982276959742 0.15373201876630505 0.9549727563966328 3.9896188555118033 0.14794217332760823 1.3633640448466346
0.19868747662812591 1.9113384589543636 0.6708982973710187 4.540954061591309 -0.15970290572817053 1.761099227065048
0.04509820729165204 1.3393066300979184 0.8243296649563367 3.1680625543561423 -0.1289643113149173 1.118105526449853
0.21765213552430634 1.9023203146577052 0.6149321541509656 3.7540709928279226 0.18649664561718443 1.6278634145100805
0.4506409153578921 0.40969329946302824 0.7937236592735951 4.144172556151165 -0.18565571448665025 1.9427561212528872
0.2305174549216089 0.26004822444616904 0.7648467512659741 3.728607930119458 0.11435226869011966 2.029509718862414
0.058402353936411355 0.7125206043663409 0.6859566742143501 2.102354806390451 0.1306731028704503 2.462334435935513
0.4124385159843984 0.9424204608219522 0.8097857143435796 3.542967752226232 -0.002758802820433781 1.4600091529206292
0.17730965780387065 0.4206786809444294 0.9642227958874832 2.440937294087004 -0.13955594756342526 1.0518425031954826
0.45646511772357223 1.2919378040588585 0.8788174608889234 3.295023753692806 -0.10663418389137087 1.254020267512011
0.12032168496599821 0.07027365017667231 0.8282767597608988 2.365724296058623 0.005228053266319227 1.432322684480309
0.3322493381875062 2.6614434128568742 0.7989752020032332 3.351010511719609 -0.10728580392514707 1.7568911345481513
0.06728095717774751 2.9463904534779966 0.8322781801331667 4.561207486237864 -0.1635755654664741 1.135715835255843
0.24503417885321366 2.5379750547566617 0.70197550711609 3.5196127976601814 -0.02080274861867598 1.39179721304829
0.32048417088893144 1.4808700811258646 0.597951829880786 3.6267642663779704 0.18350070866423474 1.8882585252109299
0.262405271196341 2.6510847285496526 0.5916406660927456 4.782437542192261 -0.10735339327317238 2.1322313909348716
0.3856382663317688 1.2840648914441681 0.5913323700132362 3.1324732475284716 -0.05886418427840165 1.9172111069267443
0.3746743259539548 2.9622613570159952 0.8358114506243746 4.212921708551941 0.16505204587205452 2.447701641991363
0.3418727784194954 2.7385334166914763 0.8297237886151394 4.8024087083433775 -0.004063655466050087 1.3872408332903194
0.067581275275864 0.34828551926880713 0.6678075088617486 2.217113984800421 0.174493545942913 2.128149827882168
0.47161699706425086 2.2756154273379225 0.8341825782012631 4.111312153932537 0.03923384017427117 1.9450477536411495
0.3295071078920488 1.1993873859203876 0.5924011563925506 2.7625463325131596 -0.0933266857212932 2.15315153899258
0.38712698119933164 0.007600625477515943 0.87581497370022 3.8281881558795283 -0.15987655814387677 2.1347474685822894
0.48814572494519587 0.935878135907502 0.8768153014041873 4.926945497158976 0.005005846573455985 1.6268392880473481
0.27751730759298865 1.7236974992098204 0.8238651915419618 4.270283971642007 0.1558266676418793 1.9867877101529732
0.2710022616629939 0.6338803622750506 0.7349709483508741 4.098586966309037 0.05915960661841668 1.5994518415936274
0.1996074803158273 2.2491571647550086 0.6968670229551623 2.9885925706922682 -0.17140452322257121 1.46583908254132
0.35309402578624005 0.7085030189276424 0.7322934433485786 2.050612406437819 0.09356397307011621 2.118272926129753
0.1577158398800142 2.357262280901814 0.9246073546262117 4.50516844036019 -0.18930887814813438 2.29611291997091
0.09464113968570675 0.7327653273741158 0.6281113177564365 4.960964123103107 -0.12821710873825315 2.2789944850891413
0.2248721637219015 0.08705225989109833 0.5631178510702606 4.611093862755733 -0.1497528881014273 2.056419718744225
0.45887860196822966 1.5748387602436218 0.6077851535250837 3.969437784396864 -0.14876374333110842 2.2473819592330737
0.3422733573486968 0.6840873218114949 0.7160751887596134 2.307383735427303 0.18146524274839526 1.6918619668280177
0.0843920996681603 1.4333846873171567 0.9616266473670609 3.110233837124957 -0.06985875454943216 1.5188596738702715
0.1506285797471496 0.2817229650358236 0.9088888331763048 3.5954349509621863 0.01993472703686533 1.8899949797417348
0.08985745496437397 1.7947119918792436 0.6337614950816597 2.904512217800404 -0.018229231367502152 2.245773210992615
0.30991730759559183 0.9609264766679858 0.6732690168338695 3.5723415627934094 0.09377250724984376 1.705532115057069
0.30101903708067945 0.47403630037820277 0.5617223141178881 4.33553376141717 0.04229890255159305 2.423879143323099
0.22985198997971723 1.2314510058070711 0.9865262230981302 4.607831280852908 -0.06535847950436421 1.9831520722131115
0.2579161562614331 2.57289796539838 0.9432481872694309 3.886325935247359 -0.13926035705119763 2.0031041061939048
0.36450756680068 0.9657048511687003 0.9000376398050296 2.9742965031162645 0.09770543081244781 1.6756227190488087
0.271692219537851 2.469105471944482 0.6199800415594812 2.394269407396203 -0.13415411435578783 2.0495058585524286
0.4232254809135058 1.0356579123724627 0.7401876139999121 4.713503240055298 -0.10463320386569058 1.7801850418631946
0.3607938526290064 0.6590795034244625 0.6789780267566166 2.9234458962899756 -0.14883972801293313 2.2542847425723638
0.030011025998610663 1.4171815761590623 0.989194282168816 2.6306662637388323 -0.06825289826663311 2.0044534142539843
0.38186616074311236 1.4683487723647106 0.5523460428067422 2.1050076814529075 0.009356939357585942 1.5614166734621815
0.4445484009716641 1.3322083703950365 0.5784948818307037 4.354453246811925 -0.02629332197286577 2.0053418291135414
0.043488330525054464 0.24421849466061973 0.9301958859175001 2.7120007101355474 -0.049692802384574464 2.289512703268127
0.28077974760549873 2.564633351551577 0.6544630157703313 2.107172696476905 0.1587923184901504 1.206786063524602
0.1510389009181392 2.64997807366865 0.6045861310415145 4.714306189218338 -0.15449044327919104 1.5835652571338776
0.4377156637412948 0.4375419965809576 0.7693362379408049 2.889994106748504 -0.08627519236434496 1.1611910401294414
0.2759520398727528 1.3543199155846097 0.8702991583950848 2.270391142144487 -0.1434055735808394 1.2052738426126517
0.4928501285892261 2.4617259746620808 0.8315426135973706 3.4644065581222794 0.16074960138966504 2.4139792174824777
0.13304897170052477 0.10861884820949186 0.6630572247120746 2.6458041345470833 0.08275635234967865 2.105984448045797
0.40596746620919744 0.31176090107423293 0.8956219376412411 3.6892154196372626 0.19656648860234788 2.2781365495854984
0.22019395476680736 1.6018806138736572 0.7442704385002166 4.423265172289915 -0.08154644092771589 2.057256218440707
0.3716011298747473 2.353862987385478 0.7789082375557255 2.4114158093031577 -0.04653942406889314 1.1807234220944243
0.4848393505426452 0.21434294071614624 0.6549458407589327 2.8692637126601483 0.07047062201419346 2.3154870915285186
0.45442692043746163 0.7388258680243351 0.6752475681446573 4.454379540837596 -0.08020266737090385 1.4421105407650079
0.009948732633570712 0.855122373341287 0.6644300918846012 3.170208957308862 -0.07256582811603804 2.3669072306833217
0.4602869667968436 0.3201443463510437 0.5638588541239276 2.4033781639556953 -0.032299116817648826 2.244245268391747
0.17566437538761537 2.847364217740987 0.6112494939525356 2.349185217078679 -0.05298503748112876 2.206146974620533
0.4782006484738788 2.009501651436506 0.8588964042170519 2.9713259765515114 -0.1122805823111348 1.302178134128655
0.349259927203659 0.8348740476917116 0.6584220159831229 3.4176317180455738 0.07241640518166259 1.8207689319631937
0.3737243317557757 0.6305790467723722 0.9531025378605029 4.5104756211499 0.19502982148466186 1.3812530192662724
0.14693311103159828 0.6174619681673554 0.8916356116875314 4.169778657557359 0.019196309456011473 1.988386697348445
0.3405656163073991 1.924714838430688 0.9796378154641449 2.952934784073479 -0.0579957416542603 2.488008570170993
0.07066970438315506 2.179815339869103 0.6099837801282026 2.2580257591252946 0.03890635649764057 1.7693469707975504
0.17474293995882717 1.6803316117825982 0.8415988544341412 3.744880590211114 0.10786532707956659 1.327732579223146
0.10983351475971642 2.909075087630533 0.9255446981341044 4.7402032329091215 0.10093783677504636 2.143892563133599
0.38814124490275576 2.3711450588110408 0.7681911982551622 3.914746625369743 -0.10103137960538638 1.2116968326380413
0.4060064864119695 2.3819569843143005 0.732564229481055 2.661447816280315 -0.16772234543547548 1.68543745143825
0.49618054354833374 2.6396004011462315 0.785354764212735 3.817220945130146 -0.12850755953035897 2.3079011136829717
0.06483987356229642 0.8566671156889537 0.867037004874353 4.829526380655585 -0.1534466358686855 1.5990880420196865
0.14631557911484427 2.316216643909001 0.7830442150321595 4.7221875242360465 -0.1648023688247774 1.1653355159636545
0.055780071834776956 1.007096800046587 0.9686728354887935 4.369219978572383 -0.07658594340153613 1.8986294327191304
0.4204558278444433 0.5356079939122015 0.8958659521891517 3.308945452671744 0.027684836765941384 1.1529065203755329
0.03223807170476223 2.402754070739884 0.6580931384163069 4.511091111029581 -0.14807777208134174 1.192387376697805
0.15567541645088412 2.4670262229844333 0.7290473835418794 2.6284255460231467 0.11635405764044238 1.3909044621848294
0.2872985241066076 2.7891888920967958 0.8321977334715935 4.031618327847864 -0.12852727621283105 1.7629861159827156
0.4825370213325762 2.4362851138683057 0.7410549841065336 3.612229432220786 -0.10691043648750394 1.6945334246080432
0.17164765788422948 1.4888637806950324 0.899424262350834 2.6721133137858004 0.12591862696135642 1.3778807036054133
0.4817539775997987 1.7174956593175095 0.7516852671634895 4.23497349276183 0.14316982241468268 1.1507602363078318
0.14346152146174473 2.984577319354716 0.8969870127022888 2.5086368969430985 -0.10259438878803216 2.36663659534906
0.4047054923339105 0.8978205803207593 0.9815237534352734 4.2662502764237455 0.07410576897926263 2.2467649925253257
0.2889375064444457 1.7380107223506032 0.8297711419395148 4.789724044927638 -0.161592460841116 2.2384743653915784
0.12219088427220537 2.087618951308048 0.918531566805937 3.8311745598743716 -0.02051738316033941 2.0582133625006063
0.07714537580060671 2.852468984656135 0.6582070174009134 3.2173553419471936 0.1727830755014355 2.3179999471295147
0.23647370718581606 1.7638079427874698 0.7565591804539452 3.0080605986088615 0.05747401050014661 2.2276836109051996
0.11103093699646277 0.8021988376263542 0.7392451838372608 3.339345466801068 -0.17826076400598337 1.3401991840946377
0.174149554951136 1.7282802406446889 0.8119486931745163 4.740030491635108 -0.07649872236995653 1.3252720916569503
0.3231347166825566 1.6941077308261034 0.9151228265458236 4.237694423150839 -0.1490457370558679 1.8430214103325684
0.16584609062136524 2.9754801476629296 0.6169894510860802 2.4062179035712035 -0.18117051513421367 1.9178458431533418
0.3368037408322066 2.9236333987832266 0.7867380646337919 4.642970821729772 -0.08991062670831762 1.6665078131536784
0.1466632351220719 1.636831692049693 0.6603886960752301 4.099046817763897 -0.04400921070146896 1.8741265900877981
0.37311648174715484 2.7230708717680208 0.7576085439933682 4.469081967836171 -0.1807876113072882 1.7922737973754377
0.1378956383559264 1.9414326777825985 0.9131317085227051 3.311727443127082 0.0948220628207444 1.3397125497142923
0.3713326888119063 0.2692386471433369 0.8349861949070299 3.078008296758523 0.020599987873788583 2.1478293786731353
0.28671437134778854 2.1753202486142773 0.9088531292172519 2.438420142574147 0.12579100497944434 1.0615377134766713
0.17479396173293715 1.1308830652121742 0.839417430663171 4.857720417369192 -0.02834529525163404 1.6943284190342731
0.4962759672420523 0.6240876620714307 0.864435017832929 4.6590739524726335 -0.18181928325614832 1.1761496363176747
0.4103538022266539 1.8583431971532813 0.700813142423631 2.992709417722835 0.07193399810239076 1.1714413138275022
0.3691692537885048 1.6286385814218454 0.6961113913315724 4.2442840837936515 0.13916557381323424 2.2553335597077253
0.08541319489633503 0.19287655407734638 0.7536989898030917 3.542771470956194 -0.09840361993118592 1.1041683956505661
0.08943292964194632 2.4189661742044573 0.8429787967857223 4.746730046199808 0.006963927115137297 1.125206302379223
0.06744213335764526 2.8795734134033633 0.820865362967724 3.677584736444709 0.04580959541334692 1.0927743973943873
0.11492492912840374 2.233492258143766 0.7560429532928352 2.081590646539615 0.19092061605367966 2.2398570994460267
0.29992194411554757 2.016146105027774 0.810394021130816 4.603992159463726 0.07521222959977014 1.266321862956737
0.21441952083917637 1.1389534165426283 0.6211965007769329 4.497704101660435 0.06450174789635743 2.4060061101488373
0.4718178768826604 1.9560209866697185 0.7269454010509783 4.242011340014454 -0.07542827790038796 1.605619915275172
0.37001586278708637 0.4812643570874475 0.780063783999732 4.060082031571195 0.01688397288181087 2.4855405740859644
0.4468450423943051 2.4304402898950235 0.7987842687710255 3.2150185760726555 0.06254265213368637 1.3762169971390557
0.3328659313882942 2.600015425485359 0.9355315458779379 4.553311937142731 -0.18111111614347603 1.5469591301833077
0.013924911082209612 2.8480575201241893 0.9406044509012879 4.870614370127542 -0.09460552673015665 1.5126766226573545
0.3528874859471666 1.875656718107847 0.9968202846600862 2.085771046407939 -0.008824078106611843 1.6033987793212243
0.30392010880691206 2.4936895475770955 0.6424103862997915 3.960067805919081 -0.10291081568537819 1.1241810095644578
0.436306966598763 1.1765942939136416 0.5586053467980437 2.2290742774589294 -0.03509601423561248 1.3824937722547646
0.22092451630294568 2.317890064683015 0.7439930978514019 2.146493016109866 -0.0298675239365008 2.1681040224139974
0.11442428487774164 1.7333228747025717 0.6297402887541466 3.6917971986872433 -0.01141319418911127 1.9865546370006073
0.29944144940918443 1.5221571522987376 0.7035085315711247 4.60276803799799 -0.0024588630731444128 2.372316189310108
0.46656932758989206 0.05118316059666861 0.8989063940382932 3.6821823769613387 0.037640579357489656 1.5629775476958219
0.4881869644903699 1.8442497187890874 0.6048872887766886 2.072564755434535 -0.04457744750932818 2.474522945880268
0.3372158116798932 1.0297350070354252 0.7881636628599125 2.929946930879035 0.13266670195407754 2.4068933943979904
0.29624851039917743 1.5981465393265943 0.6484144449815306 2.4751422604336053 -0.060665846124883294 1.1725307178132796
0.29856552754448684 0.8941724423524638 0.9749707795585394 2.696392148719151 -0.10730680338545376 1.2002087304926892
0.3689152734827985 1.1079830720331727 0.6317025710844371 4.141891991334509 0.06590726636999455 1.9443573034036468
0.18427496070192295 1.9188709762196359 0.7960686648011552 2.1517832817425497 0.19527211276378786 1.8243170311030141
0.45258739184971797 2.7429921734983664 0.8484628792870875 3.0430308220084497 0.10281164055919761 2.0729969078489274
0.3820361243934085 2.0258166613255573 0.7377909151862247 2.334790292642351 -0.1645031468668719 1.0966211422232195
0.37147542887443963 2.6181235624967742 0.6803105517419707 2.584595620074158 -0.11970144797444422 2.4885169719300535
0.14719280481445468 0.3919307733622929 0.853133491826363 3.9628516271465197 -0.11640862186966966 1.8822185990375957
0.2036199091082238 1.3039314983143837 0.8770746559700924 4.665158728992504 0.06743843051877507 1.4841795246257927
0.1403179813932744 1.0478254780235492 0.6698748684885931 4.423551238587037 -0.07143632159217747 1.6835582885761422
0.025674221468145575 2.1939111061456535 0.9619369754520453 3.7393654878147196 0.14986366112403 2.215528028677083
0.19367539206113266 1.6872019310703603 0.6265527597868977 4.586897004480154 -0.11723539256839857 2.0953102981043523
0.31033763419396343 2.7851902910298 0.8120963146657179 3.9739645128335375 0.1984316224668201 1.3618916282952829
0.27140266861016377 0.9141629017574563 0.5932827947825552 2.7448016587459336 -0.12006548567721138 1.6808282597473863
0.4191744977299977 1.261326304837029 0.6388945522186718 3.980287531043789 -0.05131379443989098 2.2859263232740252
0.29852932923614167 2.369422137051715 0.7613737282514677 4.046996177237119 0.07559784834671401 2.0733264190982297
0.22985499934903147 0.9176983099557323 0.8953273673844357 4.614537477292955 -0.1822249863261395 1.5821927069266182
0.458189225163371 2.9989344013927672 0.7427810063389761 4.030985750666895 -0.024359301671250083 1.44057518073972
0.1840164774503802 0.29275506132702755 0.6748569696069132 4.310432900612461 0.018990013277134926 1.6023588003747984
0.3809460452601974 2.8895552162625613 0.7308057552026783 4.46036580374469 0.02261975570485464 1.5161087156563742
0.3548813276068353 0.718709494871267 0.7347217148094125 2.606166159778847 0.037211754677437314 1.7965756867534317
0.19144705253271455 2.9079842668386604 0.7786825348835897 3.3695772577315353 0.06756563732474052 2.2201355513332826
0.10218137826428958 1.7950411150012653 0.564085161261313 2.047752392696802 0.05738540716376167 1.1990444924449237
0.3366995789609653 0.3933058131297109 0.9013148981678984 2.8552844315613997 -0.08481529092450818 1.1025406059643266
0.4239334785657717 1.0954715699339435 0.6151144431985426 4.640890757400702 -0.03669364909708639 1.4678499762264128
0.3820146952673474 0.05229370224683094 0.650375963979232 3.95246944418003 -0.15607047604838709 1.4102552216664028
0.06328867105059843 0.31502591694208604 0.5896493199042635 4.915653558283613 -0.12409146388157583 1.67485592675366
0.09303189574526599 1.7652360071685143 0.5691298669057873 4.802713995906855 -0.06426834520971805 2.2327747516103513
0.3961908132015794 2.6027598237031677 0.6926152050088414 2.1878677639271005 -0.014528812847677486 1.0102786851706465
0.15454057084655948 0.7180430443982829 0.9122010140690449 2.80418634163659 0.13600289891785394 2.195061298928625
0.39170537247383164 2.690802030007068 0.9467809658572175 4.539294938819445 -0.19843259234760754 1.4015963810664473
