2000 0.001
0.0015 1.65 0.07 0.2
0.25139669552066957 1.1793406303468834 0.7040491751019569 3.1534172755118464 -0.15895980622980563 1.663170765608601
0.06447008400199783 1.0210079978134319 0.8125113450844959 4.7811699603961095 0.022950651809082567 1.0696892654101313
0.20590079020656432 0.14506342031169128 0.7888351973661338 4.003220002926515 0.09230110369801886 2.3988748339142907
0.3357841649520763 0.031004421733947907 0.7736507668680106 2.67241053243561 0.1511593978335431 1.2914079694825702
0.13785133046972714 2.826267194040929 0.5970837311307531 3.2497297654505117 0.11245256633421458 1.0878096428979867
0.4952474400229405 2.4729254776151137 0.5732763654112991 4.769686421816078 0.15460069972399554 1.2049810192466028
0.1509453143513515 0.24335541865435872 0.759857381709695 4.74812272408486 0.1514617087527252 2.412944266694459
0.22769412601518185 2.2281684087348608 0.911591321024873 3.255878538886964 0.15839037212122714 1.3353796890143037
0.039645179239557626 0.02470713842478922 0.8360651314650209 2.0546608417884156 0.06290318621855001 1.1983503336082768
0.4317547733976763 2.2678034428395035 0.8947774611743607 4.884479074449185 0.18156777601623103 1.1287644744589271
0.4769144709143717 2.355549688285457 0.7434528530343159 2.4005417794906947 0.12396363764632307 2.4780430782176515
0.11886798316045416 1.0252511486738602 0.9618813437292603 3.349129600571049 0.10432239878045779 1.5815923196364599
0.4004664868208424 0.22541922685257854 0.8237972291671074 3.0388279115017447 -0.10617020876606681 1.1879208469841316
0.14530782122391456 1.9530280200809589 0.5889360683389168 2.9047129318278477 0.13280515410834892 1.158737090392909
0.08794003482493074 1.8195281252291857 0.6648443686148835 3.55247759109588 0.18034833927172228 2.3409109510442527
0.005852349581358718 2.8601710518426544 0.627235483690171 4.121628357155849 0.19964342345605846 1.9901114700902935
0.02001726265018583 0.09106382208089048 0.9605740427487184 4.407409763799107 0.11182296936660813 1.4863700936664392
0.0017321447357695474 1.2044619328436608 0.7097408682938762 3.3256946421686573 -0.1893937577169393 2.2831907078721363
0.4142451585833638 0.7550242213620382 0.7728846634616374 3.891579527311825 0.09877053208648745 1.3849737688057746
0.26897847746643605 2.534425129272419 0.766243149373843 4.0205768184047725 0.11540511071081488 1.1102085536703432
0.3994079174721449 2.438311611512002 0.7542170316501423 3.23607203776346 -0.11987570530391412 2.4760961729638438
0.30938231555148604 0.2542768410953623 0.6280864404094252 4.4139277828074395 0.09475242306455367 2.217198611479964
0.0007799875842071091 1.9694945599884524 0.8808635466241957 2.039698950583828 0.05601939230969388 2.114770458711525
0.18107639745669324 0.7187187611418232 0.7363316835645163 4.77963099231983 0.1423795806864478 1.124195305703645
0.01577477202167815 2.0710302440790844 0.9641032859222011 4.887694597078462 0.15496962942439496 1.7433443701559908
0.4517006697520009 2.125576742502825 0.6819685638831283 3.5696330770403235 0.11411048595968254 1.3101558618555695
0.26198231309803105 1.7054033455014346 0.8258417151659104 4.52985784189745 0.1859889007423558 2.296142425660979
0.09626689836525537 2.2296762977627864 0.7609494589892101 3.240925092314305 -0.1834820550301072 1.9982633886523433
0.423193669933794 1.5685357417319605 0.8485972129313708 3.0488665056600266 -0.17358277024976687 1.5285911857856844
0.2910007221556059 0.2198016460448069 0.8178185519468035 2.228369455810753 0.009486873202753682 1.5371757755092723
0.45244357764634185 2.548414870664031 0.5648024474831437 2.371465492357398 -0.14526486809023056 1.7899038758778358
0.28393334168947226 0.5679841232369321 0.8498538619828879 2.364607609098577 0.12083952726803293 1.2226192407576733
0.4212008683783154 1.2678795238164406 0.6019277372253523 2.9893125372543627 -0.12016123938639658 2.161912995280786
0.23629951539755611 0.6505807857307113 0.9248520091142773 2.2981820335893666 0.021861711703704906 2.109817070300563
0.32638637836344175 2.704853435673939 0.6880610240554698 3.7995389807933506 -0.11201004033461626 1.496339141363932
0.29333266077514947 2.790204992426601 0.7992154261792546 2.96460089032673 0.007328955618396499 1.85255363540286
0.4779208614554065 0.7597616555837321 0.6562477378498807 2.961331540697529 0.17604910118350986 1.9016415220391325
0.15720393912209274 0.6021625821929052 0.73493866700509 4.890101608709137 0.09726203221962881 1.1218511352239418
0.24162232679174744 1.3074801783194498 0.9605902649830917 3.3436900482168057 0.16406126492935608 2.435675210808502
0.33362911964873293 1.4144027182698182 0.7191074926484611 2.6016068206266625 -0.020793221093364733 1.1327937255231184
0.40162819468497146 0.5537765425306573 0.6407506190334644 2.876753312854239 0.05736351726828537 2.3082861417188414
0.11167783515601032 2.5606785454578302 0.9046452655733659 3.6431104986525074 -0.03954172317143634 1.1245869085960267
0.1051000272360072 1.795257470732256 0.9041984879701258 4.858467141663669 -0.00900797923025029 1.180820273192324
0.4796742481334719 2.3518353802562837 0.7140048429325656 2.9357631230777548 -0.005770916369671919 1.3427508268058914
0.10673624628639106 1.1936136158829516 0.8849799923931992 3.172136066421388 0.07144924326376179 1.1174819382765617
0.20639797538694132 1.6921235764199112 0.8301590922490221 3.66120287273415 -0.05306290595584259 1.4022033226590824
0.1381795152717314 0.2505858768870669 0.7835114550252013 2.834060328286556 -0.01565409392650552 1.8075705570993106
0.18621479224042592 0.06546886197430724 0.9719456648270086 4.780131684754131 -0.19173195888697012 1.6334758837832184
0.04697534987299501 0.2390703363383726 0.7361270294561261 4.372562467997049 -0.0950245158993762 2.098131953491827
0.1733981291946089 0.06220480022755226 0.6133727417630138 3.8417905392217513 0.18707144431768924 1.7505456742310113
0.415695089316233 0.9449806048664906 0.5998390711637646 3.1919614093050215 -0.13287460122940642 2.205186021601148
0.2750756512798719 2.2100480928076682 0.5923992098280977 3.62053438778816 -0.18542994700177054 1.4510803826688823
0.23537560273923613 0.362499150177091 0.9973219841127761 4.576128926871164 -0.16466221521391808 2.1820852887391613
0.0038877286616032514 1.5485841062119283 0.5822819753041617 4.572603422093072 -0.03560797175716743 1.081427642257875
0.17973655397914284 1.733643410204588 0.7496310159851659 3.3486403709640142 -0.16520282785204676 1.012700336560714
0.23609656869911094 0.7976859010113375 0.8049797570115298 4.4147051349893145 -0.17798875126270614 1.863094292363335
0.3915321623419288 0.040010225930393384 0.5638132982103109 2.6009746514187486 -0.07654099491371058 1.5227106330738502
0.29493895352248256 2.7786803299862863 0.7056016075126468 3.574467295859099 -0.08854036719963886 1.6387652124249776
0.42131544196487286 1.9258175613961415 0.7480342236992925 3.024699205617795 0.18943299221433513 1.8970189906561705
0.34007463758896567 2.1336705101928803 0.9961359991614966 3.822584173643446 -0.11483449078526689 1.2059997568170309
0.10718426121555041 2.630132212528782 0.6867270383019525 3.1381965703042987 0.1934836997865439 1.3113582309912293
0.16357762604619852 1.7134508915928834 0.8734582666958474 3.107141150721371 -0.04534659471393451 1.0620690315163424
0.04713352984479263 2.4017609779510427 0.9009363234299131 3.1221928569913433 -0.17057004810187562 1.640747862822143
0.28365202333625195 0.6978267283035066 0.7638197530982822 4.9414559466838375 -0.002639591375075273 1.326337782576555
0.23121269922186033 2.8598960307293977 0.6537247064952415 3.448562010390071 0.10906751732563641 2.293232269255392
0.4695786760558375 0.9127097757751478 0.6281043743756356 3.1112984111899853 -0.0823526539096692 2.290902937099963
0.10573844576582725 2.363225991965994 0.8049349715662217 3.5518179901155493 0.048950044600979015 2.233253574944743
0.2982027953628357 0.2998852162945038 0.7133710400621013 2.417923729047393 0.10036834454217097 1.5009491646990534
0.15702310862140645 2.4826644682299 0.6384674336287498 2.6092953783251076 0.1664483905949669 1.6668794561738525
0.36737302036304326 0.26320915020076774 0.8817926184372646 4.736729953750259 -0.06355307453501743 1.1453726045331933
0.25169815884205715 1.1861397632221573 0.9651501484977628 3.3345575522127175 -0.14556436873127324 1.8641575256429153
0.21066798110027507 0.5341737450003944 0.6723627283612321 3.9114727140279815 0.07088969283227498 2.212865818319946
0.2656210029195713 0.991908364099143 0.6953456867701259 4.1466967751326065 0.15445859063314493 1.3705114788540054
0.17439481620183056 2.0782673897134063 0.7093909604166914 4.087060211465608 0.012125975336011313 1.76404202223198
0.2403627222587844 0.4019836184626101 0.7309911874515755 2.2983627359530203 0.11903659616545997 2.009624338272916
0.25761197310647055 0.19155818107205902 0.9841177842828529 2.9139497050258085 -0.050180948309561074 2.3144499650702577
0.31122029384557365 0.6969541947012096 0.5804807270637439 4.395819332443873 -0.0986489303319985 2.108365716750118
0.07164799990520743 0.7954534614835738 0.7057440333686119 2.752520676202974 0.08478249164958063 1.027110146746478
0.08769126465892702 1.0077175432783736 0.754192052384059 2.470606633054696 0.19882004618416915 2.3133670163032996
0.4391675950951763 2.9593177005059816 0.9677979302525623 3.4174807253082675 -0.08614502367054776 1.9746542891322378
0.40050615595427247 0.5958084382781912 0.9016149522297536 4.387909197909841 0.19414009446339647 1.2705246013805027
0.12431003451826489 1.993920556087707 0.8482625631200689 4.553943187777121 -0.11680372271172144 1.7184280032663086
0.21158296436874485 2.031712306056964 0.7091858257613568 3.6593982478367297 0.1392532522083737 1.3470386315191691
0.42070201874697843 2.005397716217934 0.8199842405413958 4.47863149948008 0.014734842876564735 2.454229214105714
0.22612347250778264 0.9954190564357497 0.9471445290902929 2.8049115538849025 -0.0186745349770992 1.6509458081944328
0.09907759745496264 1.450920150785832 0.5899854670212078 2.916193781596153 0.1248743557460294 1.9278983308863409
0.14197488589262097 2.3971328650942465 0.7515350179522599 3.1685193346663647 0.09537723187210717 1.4304547967560388
0.10868277801405407 0.9501831751533434 0.6324533573401384 4.908966407751081 -0.012276408601657518 2.383724916960496
0.4765342941116774 1.9111024927422993 0.7993827454747491 4.652059822457944 -0.07011064932660777 2.0729523334831095
0.499572648487755 2.4801483649975364 0.9689809402343684 4.897846097999641 0.13025147914143664 1.4805680298542405
0.48686385181935776 2.1889714882651807 0.9976348916259505 3.972975419700234 0.14651314923353093 1.6128821721476714
0.18916634468348925 2.605048808748717 0.784534537831302 4.962447099149255 -0.13381675037637525 1.3364022027666091
0.43674225068340883 1.4294807837496875 0.8852542063129991 2.6568942736398053 0.16662013767263956 2.0982359568281286
0.4967294158177508 2.1057003973632415 0.7474677292724717 3.3438470569873386 0.10397529578559145 2.184249727700613
0.21451290665794986 0.16978679799373508 0.5831424939238787 3.8998917099682657 0.18323707333741712 1.7461169440952917
0.42413661983520884 2.9286926893372374 0.9096679719186591 2.3070900733770294 -0.1295192428111912 2.0597381806122863
0.20141554917047988 2.5381035848657594 0.7368794451445454 2.924542432376832 -0.13674700811958243 1.9473383714534227
0.06532500909403666 0.38729492908950647 0.7119541311236903 2.115824801484157 0.12040848840888985 1.8827675529997092
0.07547296585526564 2.2221406399427086 0.5950386233095258 3.899942369418591 -0.07861997076540539 2.132847623692696
0.2767391154240028 1.17147711059755 0.722526778849873 2.161764348197738 0.027358281184398342 1.541096239022958
0.303141369756013 0.25867199450564593 0.7834988129981572 4.507858922467304 0.13377216126819952 1.3290956643494836
0.08931126080803714 1.4522170638666827 0.8019571871290854 4.355184439040366 0.00820001526212119 1.377561858280355
0.07860788038037936 2.7705868220311594 0.8664352386636456 3.6805956617108784 -0.19852955845164041 2.0243293768864516
0.4380723163352881 0.8528898250758058 0.9137347414677373 2.465607577891248 -0.14386581731859122 2.0032117914839533
0.3201781304470082 2.484892819009446 0.9910050757956046 4.717395691502945 0.09313740737104792 2.1552990011383297
0.24265751315106926 2.0356017957224193 0.8563805554593447 4.770698760773488 -0.03892268649518199 1.4906651329297074
0.14386281353972147 1.5859708893488382 0.9630326678195257 4.895083142305392 -0.024972183233681833 2.3203422469594006
0.12486191200985858 1.1910445733828154 0.7555144924028385 2.37825479652921 0.05296317023305808 2.3763771481311133
0.02093255314308684 1.6484224592074748 0.790207633884723 3.745649996394943 0.030812096973622582 1.9266706192227272
0.14019437214637293 2.203207295176086 0.9545640783114441 2.4480732511151873 -0.012247165136745064 1.171546016714641
0.44218354133991905 0.9591754069597377 0.8277682288189141 4.791944278228221 0.005217075124149817 2.1724813072227853
0.21035439379189536 2.712428165510002 0.6194608044704345 4.091184000298442 -0.1577407126623135 1.108664465613956
0.20239541877596046 1.9265877491341685 0.5590434567585377 2.71031425366392 -0.07916642430448095 2.2121296054282276
0.440387235017297 2.1048588640793193 0.9029202383446282 2.9193657546009626 0.09831446547235201 1.8240964197706804
0.333926355742584 0.21557013822388604 0.9411754557536156 3.952360099076748 0.1867328859542447 1.2305767535146992
0.023572973100673356 2.9885592707983224 0.9851231767557862 4.602616456957682 0.002846344087875652 2.143918258371423
0.04769825906878433 2.6373374413765163 0.9108502112074668 2.601345326187805 0.1426648940993906 2.423644455042391
0.16045967991057852 1.7678473013031835 0.7225173888734959 3.496752305987883 0.11682505285749917 1.2901091924147456
0.137656920874421 0.5901310160521169 0.5670157159372368 2.0464758109735293 -0.07955789869240473 2.053817227138776
0.0681734369205288 0.897310798648332 0.7894388995733599 4.621814859618572 -0.08338665452894181 2.2600073802076066
0.2901169326917325 2.006686956831015 0.7879854837111182 2.270022038595299 0.060803515353787474 1.5904858688680261
0.1712482117923126 0.04300774247754935 0.7530250229124471 2.7064285092779246 0.020890445886589726 2.0336865453409563
0.33602572470362485 2.279122430645269 0.8120546436165559 4.430703879998632 0.12505399636047587 1.8568833481294633
0.08018694497625262 1.5806959899166855 0.568788784579651 3.040413028846597 -0.1311028637437625 1.04202712795494
0.05675279510870107 0.8661188141862132 0.7999960208883637 4.568680917104235 -0.03623058649814176 1.7323033123273317
0.03895721734104168 1.10536085494497 0.7597285634109225 4.989545619134912 -0.08430803276174488 2.3417697918812994
0.0790368663684915 2.3012638225562334 0.8584136483592624 2.2002998113655634 -0.009186329449599573 1.513131133334836
0.49077253328654014 2.936185492186979 0.8787749372520892 4.383389876580287 -0.1218304753252991 1.8517675583009192
0.26649187163391935 1.634712333836793 0.6749978023382504 3.0407852888437206 0.17596467886423683 1.410338167140831
0.0245665259962507 0.9253572300743369 0.6845431752021756 4.245086001910537 -0.009187167775306981 1.4628498577372335
0.24681458601261064 2.9194323903786406 0.8269553349653498 2.116578643557872 -0.09615879770434842 2.3097334195181585
0.04090954225017762 1.4671423277862323 0.5680613420952776 2.215911475065866 0.10655746068804056 1.4719432511448798
0.3006891005315676 0.16546931640657703 0.6695182609749682 4.239179141198344 0.0782138131367705 1.8410365417693348
0.3738780429164129 0.7352114662074288 0.8882087791331297 3.9812190481672953 -0.05148978180822961 1.0575467854120726
0.06698895923942577 1.1160378570993157 0.97462311579731 4.63501437556728 -0.033088944862730785 1.9623005950519707
0.36304321515718946 0.9757391434340632 0.769781559408151 3.301221540654417 0.02631195774761519 1.8790370477922462
0.40863943662446306 0.9283831165358166 0.9680483159916375 3.9384560606254486 -0.18867939596771413 1.2942341441803777
0.025541589020624922 2.0369694681298296 0.7076102484828991 2.3567315989384916 0.0603303400396179 1.8174771150212807
0.008099005119476699 2.3781654387896287 0.9988923021113667 4.804864445806077 0.19201980848209 1.801051484491325
0.06253822670181897 0.6618562190520174 0.5710037614827641 4.691961388701463 0.030750799771869092 2.4555794704497127
0.16082956906812212 1.2262591859884928 0.9923699531308512 3.042307042807624 -0.06946375136676552 1.6134594472007162
0.4799901045421533 0.1096756217959648 0.9089242314791108 3.0978558373975966 0.1817052511501484 1.5015021717385877
0.2713078576695638 0.9596238773420784 0.6770330204969468 2.9443756102247858 0.12017659285257098 2.1477039885055205
0.022497284612078672 0.5064489766757988 0.9103224682051311 4.822858259763216 0.14403470882976105 1.524000088548853
0.14740910995902112 2.8796350852794244 0.7187896322513492 4.695298407571308 -0.09868214451625597 2.4698269091272813
0.37824499888308954 1.778819102284086 0.8549339726707259 2.914510058317366 0.05757814943696382 1.3871603009813533
0.14282854198206785 2.4736951041101936 0.5876123035394752 4.19223107932042 0.015239544049280518 1.034799009538094
0.248564478427576 1.0689209233371237 0.9535515725596417 3.1252239796152477 -0.15630810623119548 1.7141364310110543
0.32577595625489464 1.0759482193914098 0.9134489126113152 2.9864004129974617 -0.04042398266491784 1.412066609685966
0.3893939428005745 1.3304502469403299 0.8494934730218865 2.8777525656380316 -0.02050030788883722 2.073361818948375
0.1875062100980519 1.4453769852798102 0.7107491256989396 3.9167563502033054 0.13347653806645 2.015493678499411
0.2718151527828996 0.41073061617277706 0.937859363864747 3.142143986321477 -0.1781339119250015 1.7854862341264386
0.1953133846954655 2.6282591328162663 0.7739517777620027 4.707054607840536 -0.11870499285011249 1.3049721101384524
0.17133149537317394 1.0578351243431245 0.9783305899808824 3.7609654737068854 -0.19890892295397095 1.1976358232535
0.16344822691884225 1.502849637459255 0.6281223843423087 4.208414963959895 -0.1322170731507012 1.00461516014115
0.2739058593558793 0.29957611079882773 0.7532870919979089 2.038035549263975 -0.0429305610675601 2.4721165520980315
0.3670296510745649 1.2561453348033131 0.9664728150450916 4.09250410373844 -0.13551877301518522 2.4667662679315967
0.19341131516469495 0.3174461926287687 0.7087784467714663 3.599297885312781 0.14799004036643992 1.2837060060453926
0.2733932514950027 0.20590522927838462 0.8743252454689054 3.9546059626354575 -0.13325273489019673 1.2157484367056288
0.1944063571189612 0.4778594456166255 0.6821629855090041 2.025306122942876 -0.11633098722143248 1.8742121597866936
0.22281167433507926 2.467644808468928 0.5960394378115038 3.7727335030339724 0.0032848957845380278 1.0284970552316066
0.431477252231324 1.658054310421421 0.7456535757500686 4.703039670738231 -0.07349148436961936 1.6772167453942144
0.17672518057964515 1.8121206919344868 0.6192852310351207 3.471597000045588 0.14854376100623584 1.4267261536945033
0.11897872467952936 0.09305803231128151 0.7835894830037496 3.8871845571250567 -0.10925616984850382 1.7172794281458783
0.4308367917826927 2.617384810212262 0.8212626653839589 2.3229728177287994 0.13924182759330134 2.471477137877759
0.4442659474565468 2.068771376374577 0.7283320514147329 3.505430888969121 -0.19403345119802187 2.2562329977052853
0.0656884977051832 0.8717300434952389 0.981151724825959 2.62484761560796 0.12449422054282666 1.8614228696723156
0.0724997047332182 1.2681067058612916 0.7495101739393089 3.4150610829270134 -0.09044900586466342 1.4387902698623884
0.17006142244443873 0.5574754993822266 0.8611263115242211 4.193569624836594 0.17608567277469162 2.2321815122546025
0.21113963798662166 0.5178636561294202 0.8253084664486966 2.4639401901452564 -0.03226570430774345 2.351065554799245
0.33411253902324 1.94077371976407 0.7324779521495463 4.442544922996873 0.0748112007530598 2.3319177780398044
0.14176932007814746 2.000518922264869 0.6147672760968552 3.0872992926409557 -0.18131912550329574 1.093868085337557
0.45480496692819544 0.8993961621428225 0.6972949538719794 2.7473908263482874 -0.04054335885426141 1.0919569002714569
0.2696610613279798 2.9776618035929836 0.9412890733524268 3.1727105850831956 -0.05417925843017901 1.7008238129208222
0.4781551769534822 1.1702146199751648 0.8743392600597322 4.490487448213468 -0.050299581918803515 2.222877146920684
0.19576628503882315 1.873620723859792 0.7416828608004477 3.7143087470153073 0.15466256411659324 1.3683122687617741
0.15122501276457595 2.045950997816099 0.8909069958656988 3.0866005010643462 -0.1418462601519324 1.1189232727151948
0.12012271120032247 2.467067018484051 0.8388305243776168 3.0824247966950047 0.19415925481410912 2.1332420458070827
0.16729050629570552 2.2162612104672768 0.8582200674562283 4.897614266918622 -0.12426500819377982 2.2794983519898535
0.30246477943870353 0.45214180158265815 0.716868289972212 2.2914997390492298 0.10197460450582063 1.4049923122055983
0.11214069421678186 0.741444908642955 0.698239141541809 2.7645920253351997 -0.1665872482014788 1.000007570494889
0.12302916878566822 1.9618600797163224 0.6872237754598016 3.5679810752995236 -0.04089982515663673 1.4935807806601349
0.14899504170583294 2.8954148257770034 0.9794299057829683 3.064660941582258 0.08911605893229918 1.3974024849780131
0.42129322675078223 2.500325705300891 0.5623700456645018 3.1816497012927676 0.10281169960665965 1.790214221288596
0.2367069847690182 1.2580637292638244 0.6275350543008102 4.098339584447791 -0.07969531651335791 1.9675469556915703
0.01985407778347109 2.053647511569151 0.6128953439003365 2.461109951633245 -0.1601905542507042 2.4258071412123305
0.007505176782706013 1.7933280409760917 0.9853338083132427 4.575013528293834 0.015535149606702658 1.139687971063391
0.4700937383156873 0.06993546162400122 0.9203688018177499 3.9030196314664964 0.17427163738350487 1.1773170377528368
0.33835123776697534 0.575639198822722 0.8853340225489514 3.5941772386562483 -0.13125839122279997 1.2701482519822513
0.3840207123838877 0.23418703973538968 0.7595606720494816 4.5736694822938375 0.1880215672025004 1.6088762193030413
0.2615271175678945 0.9876550520503962 0.629812310538856 2.5693730390747187 -0.015355828842500419 2.0998044621197347
0.3898502508384168 2.6306646328391063 0.6521953826183366 3.669420943413316 0.0687200449085234 2.346135307971532
0.1656017862303057 0.6619187253485528 0.6439788264167761 3.765028514853604 0.04166749300997999 1.3356304832618129
0.2937592517846099 1.6618442433247254 0.6974564026857529 4.6896423927088975 -0.10399349379720557 1.612765475666925
0.11848849821592616 2.4294482450714865 0.5665690338166202 2.133811764071151 0.055261115023979956 2.065385404538901
0.3329298808044309 2.164825131723166 0.5940166798213321 3.479916889531274 -0.022862984977542078 1.8927389715931486
0.34915684593283963 0.4399279809462502 0.762143962755516 2.7038500668835823 -0.13343325197182282 1.594691390623222
0.2930098115677143 2.0743943326332133 0.8922916962420756 4.690929111793807 0.11662784713088276 2.278734271889034
0.20905042589511402 2.6040547486229757 0.7599496489458241 4.499459460782704 0.007444121879458587 2.286907655010746
0.4530497563874378 2.2150822094111335 0.7557479812697456 3.237074738707739 0.12139341152236899 1.4233882307364583
0.22919629956656046 1.970730544306764 0.8775577993470041 4.723757926509186 0.05032915492168544 1.8924768175071547
0.4967432378474975 2.2290098381615495 0.569732957832443 3.275801092844607 0.049430458613305694 1.096635372654715
0.3704691187308123 1.2737206599369282 0.6968616184360038 4.500890583739578 0.11741912226901391 1.2704380280686978
0.037769298547439045 1.476390652855648 0.8915948475832745 2.3035698172114696 -0.14666600857001597 1.826563177515142
0.3929191670587286 0.7871611186237143 0.8864698567284999 2.4809499105983708 -0.07551570975271056 1.9328251375406797
0.11020380440463362 1.4751528239501255 0.8962853047188271 3.3883100899347713 0.1519045105544657 1.2597589948531556
0.1991938243623908 1.5504925428349399 0.751435998162494 2.89795931177788 -0.11583855507267754 1.3844807212419736
0.4670313420139925 1.504754002314228 0.8339348399050992 4.905937297199712 -0.1321048551571571 1.9796433585933357
0.44378856051639515 2.67711268500471 0.9044200144796235 3.9946682549860273 -0.14149703329999005 1.1887249773036521
0.055728488803782894 2.622008775792019 0.82765855185132 2.458361199307286 0.015365668693991363 1.7109360074295232
0.0657310591499764 1.0522598984376064 0.7112472899663482 3.4624217463173683 0.07074581342283082 1.0417042577506983
0.08824962159372773 2.0872109039973417 0.5603606020578995 3.4012059977084395 0.17472222190629755 1.9470075960133115
0.10859597847432062 1.4739208480740267 0.9984522165985326 2.6265155219626486 0.08317192234053411 2.3594892320962195
0.031601092005601794 0.7186626831849594 0.9259033616049048 3.265320884850842 0.1641832029964047 1.9515712000383056
0.45451973896506875 1.3636274223818003 0.6483843865200792 4.0085602472843584 -0.12321741826203528 1.8311320341843325
0.33401305073485116 1.7441751486192385 0.862802835508488 4.811675058365324 0.09469991155495444 2.0426522256649684
0.44091452540115356 2.3583572370101233 0.7477467622061637 3.40176327799387 -0.19371187907366116 1.3126308646615616
0.046699222027154375 0.30954321992723133 0.6981700210717188 3.787233984139622 -0.05348838169809392 2.1938471545083855
0.45162770932763635 0.254592688325625 0.9375599346369402 3.23248845727801 0.12538716812008 1.3572175266448538
0.10561200081797173 1.7819190046878737 0.7411466447869194 3.549360132267358 -0.18433593735059423 1.4645193820812397
0.38138910108250873 0.03998955207286381 0.9600395892795941 2.3667129135360385 -0.1429171085362031 2.434809891780623
0.44579455932036444 0.4126156356630005 0.7034623781240992 2.5850878543763356 0.001600216206116667 1.4334917958371
0.20410505846725208 2.294477801625091 0.714086814353823 4.041958599747211 0.11642112996843007 1.6873588963846626
0.48461423768351 2.586495137142867 0.9239104045137139 3.541639576901108 -0.1870211653147946 1.8373306896517394
0.23967394793254465 2.55610064961606 0.8312595135842052 3.506618357693056 -0.09097506495357077 1.2079372150347136
0.124041571243034 1.7614481594731692 0.9003874046479297 4.423486556751657 -0.048399188132530746 1.9246014207970845
0.004066714109167757 2.96112780905767 0.7551976459689451 3.4086576593086084 0.07566626372254004 1.904978051919806
0.4033524439320242 1.7995504193108878 0.8859235550132605 4.823585195513596 -0.07660554891377234 2.117481421969699
0.30247857233247766 0.004201806350888737 0.6871391866827933 4.419155501118776 0.11229777742254632 2.4656275550498687
0.4211331925536552 2.992630884870165 0.8552961781041106 3.234143069536246 -0.1637782812435231 1.2564259467185404
0.45269437152798686 2.9246043620625963 0.8804708733960311 2.1750626634390553 0.06707936475437515 2.1540276037661585
0.2702304066511533 1.7090284145105312 0.7149318424048009 2.379015622298747 -0.17414436098695263 1.4449436601992314
0.2450876086702065 2.247161783463234 0.7604543101661658 4.419836703903705 -0.0481037105539705 1.359581895669643
0.332942329309388 2.2656570943056913 0.8740160982933227 4.831860392014828 -0.019702891588850135 1.8683248152994318
0.2977169746466929 2.309916465726179 0.6609891094676756 4.303300991064338 -0.09910930685919626 1.7676918135814894
0.029411304053631016 0.6716073987843012 0.7475544101382084 3.751793474870576 0.11480060052862606 1.5284271210300455
0.13211229355617354 1.3475746882303183 0.9469462296671427 4.229963971659478 -0.1761631655750806 2.2720337687039525
0.2414221040950697 2.2259931703471256 0.7872476270802181 3.3378043398704045 -0.08076904261528949 2.4806727277368257
0.12432406904452964 0.7008007025710611 0.9410604171539456 2.1488156139504753 -0.13280973092585763 1.068405962914713
0.11204204158630343 2.620773776379114 0.6034942702976018 3.115043503516149 0.07228139850018611 2.2477482591941462
0.3676625648841631 2.5758833317076886 0.7276670507593173 4.4764705226981345 -0.09391779174660889 1.093218723464557
0.407694306306172 1.0296645188539326 0.7647184181982353 3.760728798084592 -0.042346294199702206 2.019579687269268
0.24851392070059625 1.0367389189170642 0.7034654949296875 3.0864079461884906 -0.156515893783347 2.139775331216644
0.2450726037021762 0.8513577342162186 0.8156601839292346 2.2847378025217178 0.12848939932162406 1.7541542608265361
0.1536097966040414 2.00095251217462 0.6646699752799432 2.5377584500407897 -0.08366589299070895 1.2833849854334387
0.4073254545148415 2.0760541784475754 0.7608705769816003 4.363235750236987 -0.16331463126396742 1.8690351701594758
0.2710453260370321 1.8356212224006705 0.6685361705462132 3.3515036127601645 -0.1684100085253403 1.0950559792005787
0.2861296830511233 2.624728198296433 0.7207725813307203 3.541308657588636 -0.12222604464813856 1.959035447899315
0.05359147062522451 2.501682603965998 0.577168445898747 3.523118373197657 0.039989431461700475 2.387487264078304
