100 0.001
0.001 1.65 0.067 0.2
0.11566614997050784 2.4953533119440845 0.6151650637655312 3.717464916795336 0.05429464159702935 1.8419890525996243
0.22014772622597434 0.6630114220801403 0.9076192260252891 3.740011497018761 -0.07615815530581078 1.109815774225001
0.28227307548968406 1.4084900573763788 0.6980793993945023 4.027307237093464 0.11343245276437558 2.3540988349910803
0.4830225411807035 2.262925699651514 0.8557706263221907 3.7571177675416894 -0.03702646761674572 1.1368026242947529
0.2047608683434627 0.6047788691860754 0.8848874995474802 4.533258477644654 -0.04052333830987967 2.2236329247330655
0.1869293064746681 1.5543158621639672 0.9458006344224549 3.458874898367256 0.03938574682067478 2.3783761790172684
0.4393812597316843 1.9560048131164467 0.9180204044712754 3.8622406380819285 0.06211450562214027 1.0507028898990929
0.03804618283582195 0.21283437072908473 0.8304310204770506 3.855015258918824 -0.0026335178658586644 1.8823521363621292
0.256499835914116 0.2551838938255251 0.633049354665705 3.4633950673993708 -0.15637442192222634 1.118292143671101
0.3738736076692026 1.3143979684863294 0.6464430391030168 2.2866202551918593 -0.04931948382149262 1.9468905321411907
0.22880549082509477 2.877563564047037 0.6087142593573511 4.7273257779504565 0.10025510212717176 1.798265906922312
0.47578076622337795 0.629506825511378 0.9480448005560674 3.6556143677813435 -0.06734665465194589 2.3375398545631993
0.4790210591998432 0.3367665529436623 0.860099931508033 2.6465244108132686 0.15999676701122761 1.6240757849459886
0.4070358529193994 0.20351101624664214 0.6977142702200262 2.3038179540502 -0.109951218939118 1.4089087180527224
0.16314933492581796 1.3521795277846953 0.7043658979948819 2.015962492839045 0.13860861751738274 2.1387616700234204
0.424967087365955 2.661730510235226 0.766937824862623 3.2454439196333587 0.022032979739538577 2.332870532348834
0.24899817871503482 0.7895300282451974 0.5555468343477216 2.5645655898109485 0.034160583684144014 2.432657763831001
0.2918199815137958 0.06373106939284445 0.6644005441652445 2.7084049916452493 -0.15878284472309862 2.2381095820252606
0.1236348876511193 0.4451328442087483 0.8646604555033949 4.470986267869007 0.10307320331153219 1.4365845370799843
0.4769688615680929 0.14019342532712542 0.7992345286175975 2.526125379350917 -0.11557424355334178 2.1734645625850195
0.31802865694854 0.6268508614327584 0.6546447390987603 3.658584292029853 -0.18358147641888675 1.4186018303116759
0.10981802715857764 1.0071211879273902 0.6875898446112002 4.707096575006809 -0.08349498221505997 2.3097487144021125
0.15907999299694042 0.27947430218293656 0.550162005493466 3.7774908602999338 -0.07496871025551594 1.119359107746473
0.38709786083698783 2.4049550429780187 0.9210708282133774 3.370371846606986 -0.1811022090564471 1.1689071224193848
0.2189509886653751 0.3068319390620843 0.7413198805949118 2.704800603688284 -0.19889566899940248 1.1543705533482636
0.49839663987218097 0.9762123724331514 0.8047622411337583 3.8414323694871713 0.17177497139321912 1.4986636623031695
0.4290385566843827 2.9921381706355765 0.9907482384481747 4.891697846754815 -0.11315671561346399 2.293497816709023
0.18200291822707076 2.5764940400333587 0.7839042287324611 2.8513232154074806 0.07741945171914166 2.4087753891683046
0.4368696545799422 0.7894597646601245 0.78558501525254 2.5210980389389346 0.0875650224009118 1.1075050539965123
0.05345306419204321 1.271746457639079 0.7346580302844363 2.059896335709851 0.16892679836416008 2.283760762771518
0.43112334566084576 0.3327954604720881 0.6526291095634678 3.431678775695181 -0.16668555737225638 1.8705977479852969
0.22236812183548998 0.507211013509314 0.8329987484567154 4.207871893797125 -0.13550137887267588 1.9207486496736959
0.2548780831730343 2.642890589646652 0.6989667285054872 4.55000691390482 -0.1867554886650396 1.6807254843922825
0.2718962635061814 1.1844015056395238 0.6278007555582013 4.820429546632198 -0.11290933460030789 1.3311174134223447
0.4284837225815698 2.3748758589979193 0.6060294931859361 4.879177532370267 -0.050058648869190175 1.1450170601729015
0.3806297292849119 0.1890068911259497 0.8667359430717481 3.783786906432759 0.126885872952526 1.6124552657493956
0.009372033522291379 0.7040259077687974 0.7731093869126775 4.938285943456343 0.1825705591739925 1.8903765004292674
0.1535340758571287 1.6965186912509473 0.8826184197863869 2.540624216208414 0.021979539422643135 2.3021889286190795
0.30871462403728445 2.207109887098026 0.83016616995633 2.1022204600254666 0.03572344814890133 1.298060795363733
0.017880431547359465 2.1867672606849524 0.7352828265112269 2.4186811238175716 0.04252904503647975 1.4094433698056608
0.37290286709964415 0.5776252652450158 0.76523285904292 3.680497932123668 -0.024548691451381666 1.153976171578694
0.09321200085197529 1.8709014550941854 0.9169131990432065 3.7055278478425073 -0.12113525289479786 1.0735157510768036
0.49382411393753356 1.8865717857818147 0.826909127605797 4.663242913716887 -0.14618842555534375 2.0131737226734914
0.01914647619303489 1.0845587737672728 0.9990030496807829 4.574800672808562 -0.1595082317468912 1.8603171401299845
0.4826597094268415 2.42139821907483 0.5744847116859314 4.108810943021185 -0.16076411462227555 1.0644420578886253
0.00030853214604509294 1.2341973913218178 0.6716863756064275 2.239511699773887 0.1690655745887435 2.1713545950636055
0.3103065005307966 0.8192526127854867 0.9552987947729794 4.852389015456303 -0.1727702143569542 2.162046624026156
0.4568808101095723 2.023943232522833 0.7346735936591745 2.3100165088807536 0.11517017876811231 2.4653950993568
0.3287513462438945 2.6993820617263564 0.8270692914045599 2.594241829497448 0.07885292257882837 1.9804575830205235
0.2603308841269484 1.056885466932905 0.8128190333512821 4.377235509616193 -0.17357587041605696 1.889547614061447
0.34033386779684127 0.47681686424611036 0.9715629730892521 3.026857623704473 0.10551878945900722 2.043521639936965
0.2631925483173617 1.3672414613658255 0.9597369444227777 3.790269086983937 -0.10116420265673504 1.8749164077121536
0.3059435271614215 0.4979287615422936 0.6671062879132635 2.9514253138159336 -0.13513222988739018 1.6389547118683092
0.15581699286400852 2.5986202205544995 0.9797079068551557 2.2964506886373366 0.12352181689085179 1.6933897807751892
0.1029201909813176 0.6087660204469483 0.565382400743403 3.7712067662617788 0.1224370653443676 1.211943460372003
0.29967694748086177 2.2979251848753828 0.6867208124658719 3.4099440949010074 -0.007266575094789063 1.3932244298099627
0.030604582391387802 0.501931049523001 0.6277071605480726 2.2065651027454725 0.16686777866783858 1.84220283095827
0.029477234416176168 1.7397643964549472 0.7809460557994876 2.499886585342174 0.11758933675630151 1.4473110805924985
0.4444757391289302 0.23352106501482273 0.6873454333394964 3.7520068563224385 -0.008622135386048557 1.055243944029998
0.13930810265629645 0.6591076634105552 0.6683636109655808 4.627112131171653 -0.0822569710088354 2.205240638053193
0.42725105708610467 1.6134663694264162 0.8014394789915812 2.9186599150646764 -0.10561057871363358 2.0939294610585746
0.08173255986393474 0.8574785734994613 0.8378812471315547 4.070050452223383 0.07917379583735273 2.223792007682594
0.07846592150418225 2.4558145126009756 0.5621217731811906 4.449227592929494 0.05938141220531601 1.1073740512185748
0.12565866754478416 2.3597761336927965 0.9996525735970827 3.090935860464743 -0.15839796223621364 2.0129471387833906
0.24032511399109513 1.4264625977587013 0.9666415990735705 3.038911729999609 -0.00796117666359808 1.6549691171498713
0.07342419302823155 1.1384818406156598 0.6150853095757737 3.5560218086037723 -0.018015655409240022 1.8541288144429973
0.1912813315625505 2.289741265472062 0.6732756493101734 2.63104391890468 -0.019645752894713958 1.4350656265303499
0.10554061979942786 2.8708771234564057 0.7798438647161563 2.5005733165066064 -0.02927304059049457 2.273264817998876
0.27211294495938737 1.5318575741085234 0.9425322246865073 2.9688196778685105 -0.019398091191117656 1.264942129845342
0.338731279223921 0.8211355355055753 0.6151256268722376 2.464618804323327 -0.08381247853723672 1.2721636789579622
0.34150922930455824 2.951303354333902 0.7029816490571197 4.925425919488932 -0.15034820137299754 1.5612761164079383
0.0999972050572584 1.0251986743979238 0.6870899638365008 3.0302348912607058 -0.06687781120404993 1.1529668942863784
0.13518196465093163 0.9391322526450738 0.7058244553249606 3.5351958570484623 0.16860930213814357 1.3976630190588317
0.30609490168011333 0.3758030576552053 0.7284591712865562 4.261835675393435 -0.05020333015522835 2.092287993127698
0.14780468177040212 2.5258740438625775 0.7788678084518874 3.6613158189888235 0.01097747908053387 2.387348252144658
0.22924902931286717 2.3588386783711695 0.7298935006871817 4.185149273718757 0.07479730990266031 1.611821304783177
0.39395358799815905 2.995590513004021 0.8328246394267516 3.5715795433508806 0.1760372432524795 1.0467819581173223
0.40949550058247636 2.3317158920667858 0.6928217871787126 4.116209351467385 -0.17377022209442325 2.2342901375623994
0.372023112622719 0.3807929612334684 0.8710275149878974 3.328613825437319 0.03540007909094264 1.6648892982204762
0.18366450194224226 2.0922712226264455 0.7807352493044373 2.671748515528292 0.11862082911483668 1.5112674043794545
0.03981141568300478 2.2197747146027553 0.7988117824064571 2.803837160619161 -0.02355120093168156 1.1610299611986812
0.2008737968622582 1.9548462136604434 0.7698432166646749 4.779834774476177 -0.034308995018484445 1.5230682187095985
0.20020978492509428 1.2575266438800385 0.6650167685766467 3.308689642688827 0.024361146129722566 2.449346669161068
0.19309667351421844 1.7579958644606672 0.8529064938236603 4.972144665471891 -0.06043759936510759 1.9305019838377586
0.3078943093062446 1.3120662528134488 0.6943588594033612 2.0549349292955537 0.006822222991102356 1.1960874329971811
0.332038457593919 2.005631110072926 0.626467918458431 4.477999151455405 0.1857390629391193 2.131133522777236
0.46886135583177546 2.223375462689591 0.8307435526899649 4.480317386625062 -0.002870732599427994 1.0372651066229723
0.13361003695909968 2.997885048303747 0.941701976203804 4.7214420291723656 0.01367624585469493 1.9211500229661578
0.3923392633077765 0.233151886827764 0.9567787336406384 2.869306141797072 -0.19727556301982507 1.3622660163752918
0.3576873078582387 0.8766338603919154 0.851314703298659 2.0773781365812276 0.1928242001298736 1.6173960520796211
0.1823907925652457 1.3225607907039358 0.9657970051734877 3.1686593316579628 0.036888450919532495 2.056523055647763
0.18994678824721 2.2957094478537887 0.9581402922049398 3.374567406396419 -0.10358081866580214 1.8436039808321016
0.260233364738595 2.872575738391321 0.6475039829227228 2.180698873305609 -0.05863554728414541 2.0740847739654225
0.4770497385270922 2.4801588170709628 0.6050639965499446 4.788452091815108 -0.08543235486358114 1.5168149287108093
0.4817686474466324 0.004515074981108258 0.8994165134941599 2.8885256857155364 -0.09933166730563854 1.6361844244900543
0.1501137586481186 1.9467860266784487 0.8015205998524397 4.249135301998509 -0.08266017479931645 2.3776487239979485
0.08564687983196778 2.59794932364888 0.9455369156148904 4.722045607758318 0.1558459262282304 2.4881545990100773
0.1890568353921987 1.0650046325372027 0.9944901897317755 4.97796162393433 0.17802979038311634 2.3317486754334764
0.30034325986596827 2.743271075428689 0.7571808657307756 2.1582552335439993 0.12816597755873532 1.1034878256104568
0.3308900718570392 1.794142459751578 0.708626860157187 2.4817629292705243 -0.1719261276055183 2.1843759628362935
0.1217240364025699 1.6369553611860137 0.8343739985733298 2.24456833802998 0.18761923847659823 2.374096058989246
0.40818722478574165 0.10698762405492046 0.9567792445942604 4.384576960398688 -0.013615602103057511 2.398266674611534
0.0874290817317504 2.636027212041239 0.6490162358050887 4.195845949001258 0.18366514397002298 2.198919215512614
0.3174011108686774 0.9659949957091788 0.9319614596627699 4.7259239901742 0.04267326700199506 1.886932846238724
0.1837458143087149 0.055061628945782926 0.8772560485656408 4.460272202578814 0.03779224710702428 1.4098586660861043
0.033974178306306224 2.6603156755536568 0.7531094153133169 4.639328218989897 -0.09361257996490258 1.0585903082118728
0.11666660416996805 0.5276738050520854 0.6908428056529283 3.816982742257616 0.05680294306137179 2.2851340554756505
0.26760893351216897 2.8096820199227075 0.7434890789436737 2.3502473555352927 0.04408765309502721 2.0834294984675763
0.398048662740832 0.4709311531524435 0.7828124152687324 3.9798257181502428 -0.15520580590308553 1.5443963679912511
0.17995224621227907 2.4594118837410797 0.8955509919319984 2.416965748887149 0.004407367885483293 1.9349778885675193
0.29095809490063723 0.7078161170701688 0.9926843332068276 3.900258283990396 0.031588973832285955 1.663102702021381
0.28723491139510077 1.5137017811967315 0.6759444336199071 4.972749870987042 -0.039280672148369916 1.3981846602577386
0.27537084708028986 1.59134492897537 0.8278591484771765 4.419564081859058 0.026075233068839687 2.3549348979927878
0.20871838182455438 1.6579686888713376 0.8292402187143826 3.40605065872653 0.1946308886957095 2.417125278861599
0.24669525100238698 2.0030591203713364 0.7833769300494566 2.5193500802447892 0.1893304276870837 1.0470389294741782
0.4616526664246334 2.8993990629312445 0.8349415416931003 2.5023276416157114 -0.1865218475961005 1.7113637661061176
0.1976867934188687 0.9112407567321584 0.612587576568255 2.418757786848275 -0.06199405403181554 1.441211735626969
0.21309285393173705 1.3980630259744247 0.8079735796016692 4.967082000167626 0.10315538112843936 1.1362349225198716
0.15677945176174024 1.9555469782957844 0.6287579264652535 3.603837569627994 0.02492171953313732 1.055993580598717
0.09125094137789364 0.648538084592722 0.8244912523627315 3.1616045335026697 0.11613529171116821 1.2179765986105593
0.03317229076362216 2.812034690005339 0.8958608611242487 3.9043521877508485 0.1465961411223246 1.9194851186696718
0.02215565458495261 2.950141683424294 0.8628269683754326 4.406111429765977 0.1817822936143409 1.1486526119235068
0.07679574825672081 2.923430250007944 0.9897415696632597 4.41456165269638 0.02325723979355837 1.8407963051364327
0.4701124225644153 0.90010650004373 0.6271035451223379 4.803009612617532 0.06911867760560048 2.073499542825691
0.43964610144658056 1.6305118587616483 0.6852639655505721 2.9666450902024146 -0.08291403020418278 1.6287228959703473
0.27535380851811964 0.41206411199792414 0.7312447321630928 2.1016395246075206 -0.08979967583563533 1.8522313771704277
0.08021064329029065 2.8243821486920337 0.8437099032096422 4.877831318501002 -0.010418044193913678 2.4960623982089194
0.1226163809832646 1.4772295640643853 0.561513498317981 3.8459467743459275 0.022642306336419393 1.9809930021216675
0.2618637694481584 1.7772776098207799 0.5967069127002999 3.4285570224712956 0.07267522138380544 1.4848139649964935
0.2673338447306947 1.1697629281187483 0.9846843081012928 2.3907427843810356 0.17677541763308285 1.6211594116441017
0.4757408576770713 0.1566869945934437 0.9612975301675526 4.399487729930971 0.045862301886671786 2.2813333904620796
0.42575195236449476 0.7664773070860432 0.7929654417321951 4.563551314433772 0.01759962815344726 2.298421517309257
0.4982815844276201 2.0371646834126604 0.834224412800145 2.9173637714897223 0.11095808825769832 2.4867212582849203
0.10519898519777854 1.8822169995388296 0.6081942192587123 3.1989768668498653 -0.09388988044112533 2.1833732894555355
0.14274579801401038 1.9462482024060561 0.7001239328461571 2.6307386442964384 -0.16003134185380202 1.7370007965557046
0.4835039160597454 0.7683481039039032 0.6907528535929254 3.7611033836466428 -0.0008386021461162518 1.308274786841292
0.3183506667042553 2.4083370797311 0.555410983920447 3.5020745816438907 -0.19127107273528152 2.289366271266202
0.39847243452170805 2.2919382531308132 0.5787674783337847 3.768403657764974 -0.05488440250443369 1.1246787847952655
0.03165055918184634 0.34403131820093336 0.6177277274555766 2.5979170142084644 -0.1255844520706596 1.5538640737473257
0.07920356686524227 0.04762742219968408 0.8841454421956523 4.622993906620467 -0.12412642958044305 1.845693962953691
0.3375893880918404 2.6333936365690276 0.8154729351492807 4.579780988929269 0.19639771232613817 1.8805984566855527
0.45772756436071493 2.066940074646909 0.9493730201052077 3.669982515747931 0.18870424176462913 1.507164942872818
0.36394234394197306 2.009952326816982 0.8881414754680167 2.1334135509696206 0.0561316107733264 1.1971801167583958
0.2897341639867247 0.5752280067034453 0.665144921479258 3.986925796680746 0.06929385567018553 1.4514626172465017
0.26029224389704975 0.2505823522833527 0.7434395392256781 3.259645289370983 0.1402071138389288 1.661473011971571
0.22016913919298398 0.30583634005799776 0.9099365374445787 4.906972481513524 0.11527967657482258 1.4496457293820537
0.15723485259923636 1.8199070596584306 0.759340162489668 4.2764584689999605 -0.05683842327366789 1.7697212423809654
0.29537396656334103 2.518477208063732 0.7269936681614929 4.983044585114185 0.154707192107073 1.8645818933378728
0.04742151179986798 0.3661788591055609 0.748315729767033 4.74544911032172 -0.02665962855822354 1.9097747489487584
0.2105228185163815 1.4204984313167122 0.8515536064295175 3.0749986835999907 0.16032469594692023 2.0231000473210594
0.054929380800704974 1.0509422034479532 0.6803482983518548 4.646490743980243 0.10912305131490879 2.1743376097276386
0.2653299092758542 2.1470755669548534 0.6925193643980497 4.461453643451895 -0.030360137942163995 1.1363395404608931
0.3808901145927797 0.782632166244968 0.633353471471281 3.4133484791037914 -0.10334117150238056 1.7699069481675045
0.21132838110657232 0.6166920478414101 0.8159636082955757 2.4969960738478534 -0.1714873052565396 1.1448302182742491
0.44828025660839177 2.5923565759065887 0.9984624530098839 3.412977261920887 0.11735219568645866 1.2665116157170022
0.07118102519054798 1.332357078029909 0.8431298573116732 2.818187114586514 -0.16159625269605452 1.4842631198809129
0.06329652701781718 1.8893253079086578 0.8347881124130851 2.492687431440058 0.16948701111164693 2.434249344735844
0.41525297728745697 2.889017927322563 0.6291853910925591 4.7075572999137005 -0.025290330881904216 1.5417882131533818
0.07416773192938475 2.06295308468467 0.6813871434930484 4.372753460964137 0.1577015301592593 1.9831758662984051
0.44239186866276337 1.8575460106289114 0.6086214604107343 4.416977841934786 0.025448738811548022 1.921391118222605
0.32912223754304365 1.8943581051069533 0.8196534916233242 2.6329106347951603 -0.16483297201960057 2.2782591424108407
0.18464352608870038 0.9467683645277915 0.704761678148855 4.07287208775745 0.1622157725655316 2.4101928187357835
0.32094387370701394 0.25692990265673676 0.7427168841001512 4.717474738753262 0.04811595266882915 1.1276784273813598
0.3094330365349892 2.4924378365714617 0.6288721423460188 2.761865255115115 -0.025959698840085504 1.431939255587669
0.4054220529025233 2.6510778820832126 0.6721201746581315 2.5785640703043295 -0.1602697297133495 1.1433403626034497
0.44749677122982723 0.09205066474968049 0.8414100996834968 3.2351032606904546 0.016780078776095525 2.3710468727561738
0.46819412331504434 2.2421622313661937 0.932857352952114 2.5935448159441217 -0.13222181521765478 2.105927294759618
0.02426539658819321 2.918525773935539 0.8532406966042456 3.7745322550422777 0.02601767399823815 2.2992014654319153
0.3113018645800956 2.6843370845201724 0.6603159539017729 4.6539878479812655 0.011418360859571264 1.4285740019748945
0.34642914550832954 1.9627690255208718 0.744902221804777 3.5191043114323675 -0.03290230669519248 1.842650003173531
0.34824194064387126 0.6699378244459558 0.780947768663652 4.755532067123409 -0.0939258986682202 1.597676709695292
0.2615102270029323 0.9476480436096925 0.604396211461123 3.383908949125457 -0.09814704615618584 1.5492577048191762
0.29435555342330666 1.0500556640031677 0.9883787427040376 4.680626223898026 -0.06061951094458959 1.1482162660520405
0.2863682857264661 0.5864848403526269 0.8063787859345761 3.3391341514619257 0.09640260447272692 1.6325823163567081
0.4754444456615598 0.5692478007945698 0.7239761823145913 2.3374094328488306 -0.016820555970600726 2.024329475829717
0.43318432405140395 2.463476720919019 0.9504167433111279 4.260562893554994 0.09231714413628739 1.7667205298147381
0.3605491538618438 0.45606952854622385 0.9983874271169821 3.7955193891749635 -0.001532728556611962 1.4040345185769525
0.20942733062062852 2.2950519943162524 0.6188601736967093 2.486295269401994 0.027760358413212838 1.3529911004872073
0.24228355531636192 2.212716577143122 0.9267298473873808 2.3382242547775176 0.10950280967079451 1.9769902588730972
0.05365862466669036 1.0658078947422327 0.7884998256944125 4.895212594118472 0.19324712827222557 1.2982125733499412
0.4589415044576127 2.53823988236739 0.9374618450679417 4.370709497334866 0.04427011510681264 1.2283151277176383
0.3618787525052355 2.665026937351793 0.6485747987390029 4.1746296633231985 0.19982687288548645 2.2639400855664524
0.3416615383461258 0.368746169500631 0.6429106595739043 2.261239092287388 0.07552673885948558 1.380105913468817
0.13982416591984337 2.122446069867403 0.8667237350191972 3.4327834926618435 0.08484403391072914 2.32430232547593
0.30167615111945445 1.1526351511814419 0.5967933702761783 4.121032740963516 -0.026170499993669438 1.4133038834824505
0.1922691301471175 1.2257284703926203 0.9440237670446574 4.190413963853199 -0.15868785944936806 1.1837701533552492
0.3997335626740264 1.4859340905240397 0.998209488931306 4.375528836851242 0.14920559875633183 1.535792327496813
0.04113041744707485 2.2250878770660316 0.8412805250638 2.066722276961365 0.002187528109071135 2.0106516098939666
0.2811864396184003 1.4459004131013637 0.7613825065648988 2.6628382098847982 -0.059466859485901 2.241773079276994
0.42841516639092003 0.9309989855058151 0.6785098521022227 2.7571122297354798 -0.11304492005624703 2.409745257582049
0.014313693467874034 1.1714025607751726 0.6427939614252927 4.597708392727732 0.15882674252058676 1.141777578654089
0.4492459339446226 0.9747653185997466 0.7482271652008154 2.978133397829197 0.06736433568808675 2.41084038838093
0.0300146815047585 0.9801607123842849 0.7621833236441649 2.5995158666400062 -0.07750743788428333 1.9671357602014379
0.14675581916362523 2.9057110539892284 0.9287185115304607 3.777893110202128 0.057419910664537555 1.7402205309375447
0.46258235470750675 1.2984584451730443 0.8664782238122815 3.6313271426141647 -0.0948151199181278 2.1129925843697865
0.24116211024250567 1.3818211087225292 0.8484970028460623 2.011086330981503 -0.19701558421397727 1.1976992496177568
0.13670995657415724 0.9691749712409056 0.9050666891592897 3.0457684544843486 0.12037360642301154 2.4184176992500244
0.34931807598405284 1.1629400286668896 0.6985024183388877 3.266521899147723 -0.07131542270073213 2.4437382962543017
0.3790081905760031 2.813504561139152 0.6933331469774132 3.351227834691839 0.09387292351530424 1.810333899748932
0.20582152740417808 2.205148336682004 0.9535988577450081 4.9066974973773085 0.1485233423635749 1.8557234739839852
0.00445535249967105 0.7638696179093178 0.8896458847982437 4.7537871304923405 -0.0255508001332633 2.045956935671096
0.2896898729800498 1.9548356490176324 0.5775198203186582 3.137249164851244 -0.01316669060850098 1.0962101204908614
0.3649751433322633 2.0565283787615756 0.6762979910247269 4.332818707116264 0.17300448830806686 1.979404247949662
0.1545852137234086 0.20096823802158081 0.5945200022860343 2.4677424815848266 -0.09136000660018775 2.2223403745622985
0.21427540415079155 1.5995231479402336 0.8735843926871496 3.270954613047919 -0.00837539732294798 1.986070202682245
0.43705896441363035 1.5167435839595935 0.8950413141135771 2.451976925576747 -0.07349342570841708 1.711043412236176
0.2389046577098936 1.9803810209688582 0.8686087842135553 3.6883760968465427 -0.1694196901819053 1.9603183918006688
0.2078563487433993 0.7684890437854207 0.6090036015174953 4.812512112599905 -0.06785340509780063 1.6851181474940322
0.3879113537714894 2.215151078108257 0.9722391857749785 3.7320357698351674 0.16867774668145236 1.235762573435524
0.3179232765533966 1.76596157807068 0.6514807478573954 4.111313897109294 -0.029777189114945146 1.8506599751691009
0.3844467861473762 0.01454843549714846 0.8911308958179001 3.452205086579892 -0.1558568097147347 1.9852755412475922
0.2608798693129216 1.9166436210100573 0.7601019504149313 2.528670170613413 -0.07707642333462328 1.5818192660069896
0.23324992212003898 2.5000323863227942 0.6649903877419713 2.398117379394705 0.16654498548062796 1.382080080111523
0.35662896092967733 0.22024993440700735 0.5824541186163429 4.356726061079586 -0.11491044407252447 1.8482296222539678
0.2451741110775934 0.7807489801171351 0.6637200350202531 2.75367883086817 0.1545513902035358 1.760989335912099
0.19867388418068904 1.5325096814123205 0.7693846288528553 4.5547270052535165 -0.07259906220399512 1.4934361400172316
0.18553843445443335 2.4837500686819367 0.6798346997290223 3.578756528394781 0.09274613343028976 1.719264835379248
0.37626994277332393 2.6749423860116055 0.6953605131597947 4.522795511758698 0.06297595131530426 1.9136013930589097
0.2776769114063348 2.5306435072183158 0.7199485874235669 4.493066697582949 -0.16034862021154284 1.3527508083118844
0.13102981699025967 1.9202010189601932 0.9224276946907362 4.189001133541943 -0.09095217903679345 1.9364021271428844
0.05076347242157925 2.0816709817953685 0.9462794248186717 4.0510731162117475 0.1585592845548604 1.2263340378290932
0.205983645990111 2.2381072184581656 0.6233426654567199 3.06441804206146 0.16691693749018843 1.8019933382622035
0.46458433766076834 1.2203935078139834 0.7562657280914175 4.213532481057939 -0.03111973349945857 2.284392000596546
0.4915005323283921 1.0774975181285409 0.9672517945564416 2.505012047132772 0.11071952912732941 2.0502151828014497
0.14788698250403848 1.848041450396411 0.7555549569663661 3.4776922771024146 -0.08483325546262638 1.348373404899847
0.045115137012368134 0.2363223506447243 0.6783417018307629 4.290659397227893 0.09198887966952518 2.162960742639939
0.24385189100663895 2.41113207138526 0.5894893740097117 3.3228970986158597 -0.06077733523259207 2.0655603590651515
0.45897730117542046 1.8504620758464063 0.8649594290560864 3.8791088232500583 -0.1060808065645924 1.4554585303978613
0.30844400065874994 0.6447312619539318 0.9228585076844017 4.270937667696663 0.13178670569138057 2.289436122695685
0.1354976465335444 0.9029051722300934 0.7501340152558046 3.4363992572550788 -0.04665011276907474 1.1265211153291612
0.2560074458728136 1.0308409475948594 0.723090329854422 2.0900647207807164 -0.12650885953714813 2.307237925979776
0.36545085667740046 2.128224772355119 0.8818145065455018 2.120344163306835 0.12810975900149896 1.9887365831539672
0.3955494545026695 2.5067915980878688 0.9618463393131891 4.323815413223167 -0.08788780723103451 1.5818099270103425
0.29094724711789766 1.414519018265921 0.9043362115543259 4.147379429576864 0.00495464850016783 1.730004082378528
0.023306778571674236 0.5940299956964166 0.8004657197512238 3.6265980169834027 0.12014974346275381 1.4847186407513662
0.21271122615813987 0.8318812615302574 0.5971806828390911 2.037919530011796 0.050485543868178384 2.2464312501988344
0.40103598784195915 1.3777076929904728 0.9724002541578541 4.781564637377613 -0.14315583562956014 1.9451710916179086
0.14203438707033494 1.7666612376452573 0.9925276631971052 4.718992442851754 -0.19150672979039826 2.4881133714186516
0.2385996859780486 2.425852159149348 0.9306221256047731 4.819307420388661 -0.15756881742950665 1.715391311500486
0.34666249665536125 1.1134370613601292 0.9571812178885604 3.687857982959026 0.042849289374183475 2.425704722345289
0.48476385842857306 2.4650250757607877 0.8212299858719982 4.390202275436515 0.11159420202022052 1.2268036798303497
0.4845888244260602 1.596256139741945 0.8277069988710055 2.0811908871377436 0.10780375487146826 1.2591263671445752
0.13683886950417157 0.05848785958691338 0.6513766738248281 4.58370409326319 -0.13156066615569198 1.432125341011391
0.46601189502916257 0.3742211969025273 0.7241425304287193 4.086471316514265 0.18341774855248566 1.4396835792682674
0.472302130330194 2.8996399394539702 0.9914821447529174 4.423872389098645 0.0797426191859697 1.3010302797649784
0.2559239709746155 2.529799001670883 0.793871454758363 4.502655290891412 -0.12315752898661524 1.8580035955604726
0.042242272263179226 0.5970580680786697 0.898573662431725 4.294886387613265 -0.047865523594459475 2.4211244348667926
0.3610007356077403 1.9313667254866438 0.6335419647328032 2.2459618306547346 -0.0021641281805055146 1.8929754720143328
0.23615708376758365 1.9044074120721857 0.8710996411652967 3.1221624911289823 -0.137137360540719 1.8783823453200956
0.43230383310455645 1.318412155717268 0.9482882261085406 4.936186922878884 0.1656049720764236 1.1122509136745702
0.34117321244188475 0.9983001149067564 0.6160549317212208 4.450935725176169 -0.012897454145013754 2.2245880659266017
0.19297108796572882 2.5833052973759987 0.6358473652231318 2.695642613177104 -0.15868066657127727 1.1555942511734043
0.08701249823833185 0.26088252626370734 0.6087067976111478 3.1306888785649645 0.029367749265796744 1.7626593737333516
0.22941050717981315 2.791774644930662 0.9570604370474799 2.0359516360592718 -0.058644461125626324 2.134152613985612
0.20189807947968552 0.44271635608522975 0.6306076575875821 3.591231761920631 0.12154044432312688 1.352163464091053
0.15987459662396503 0.35596044726495357 0.6441212541281337 4.167914426659996 0.040294771184825884 2.291477099963248
0.17290328835700958 2.530594499166357 0.9447152092254821 2.6779406433366004 0.15595371008077447 1.6732690111618265
0.3102246454282981 0.2268442568376703 0.60571662036221 3.2476387264311857 -0.06303375817490933 1.7573219497802253
0.08666113857866864 0.723526525972647 0.8025759570010039 2.246073661512198 -0.1248069053435371 1.0378481284684975
0.4641900504160695 1.702078922599181 0.927741653314351 3.469106078071079 -0.04932514988526032 1.0458696447225486
0.311208459248889 0.1183586012862462 0.7579235609503383 2.6597590014446677 0.140836661144645 1.2784827939390564
0.29262242685804424 0.7936500302094831 0.7328358180908888 3.771092205802428 -0.08650850951102318 1.7008498380645451
0.2022921342922997 1.7395606380328732 0.6349089080799037 4.415682898033053 0.04342321965393689 2.0209614271664798
0.15564706638733022 1.2961399469224324 0.8993414236212836 3.7335189611917485 -0.030663047740934785 1.2833276559878648
0.49124004324427034 1.6673694782630868 0.572722371065548 4.194044521912893 0.15677268512865666 2.0513610909362434
0.09161417846635972 0.4799080522182886 0.8467954067331223 2.5485816586501553 -0.006029655441654291 1.088270725421443
0.270642270304585 1.7505662669045774 0.9961318430120663 2.8242759463373033 -0.1474442714048593 2.247916952129325
0.08618604033922028 1.3966156156581335 0.8950337052213229 2.8544457117052273 0.012962526483728976 2.3910457033979355
0.27316927009090547 2.0292288495045328 0.6740655115230106 3.81089907521061 0.13386840147102191 2.3926268859620388
0.2220516322279324 0.9298876175908645 0.9318266871750726 4.441243240398668 0.10917292578916399 1.2271948500783902
0.2642882355139641 1.1975530960508065 0.7635859341089859 4.106201633254227 0.026465782975767654 2.4614541126354417
0.16883056211397413 0.01747176204989387 0.6054729787202636 4.963134918886124 -0.1444874387333704 1.951062581160539
0.16047498437513175 0.39970535937921603 0.8469794065094095 3.0670411397471975 -0.1913004278948121 1.1891052600340435
0.12224912533547672 1.9393805546529013 0.7872444742449786 2.830162638523615 -0.17207047025732072 1.2240260181591402
0.12006300754828053 1.4190263504467815 0.804864424508537 4.242378025569617 -0.0889316608734144 1.3441591303627454
0.14638901403848154 1.052718487700734 0.9501302937746781 4.022388716581533 0.04679065647203945 1.8522013836472389
0.3487565717612876 1.513707482545478 0.6261910089081092 3.1846761063017306 -0.17970056590013087 1.2515845607145755
0.25523698656760185 0.9888654635400504 0.9152540940511087 3.8016590828529777 0.05165023056315271 1.1893670786294102
0.2760565198502906 0.17067898256770364 0.7489305151455665 3.072959556068469 0.016374184308290074 2.1272607646283905
0.42072395764499276 1.8789815712556353 0.5555911699117619 4.166232508543729 0.11537609885373346 1.8132456407202118
0.13463283282050814 1.6257683643168912 0.9275353182047008 4.809227003715035 0.047256927999940856 2.055397215711764
0.2861160923864341 0.044236991937748105 0.9655456881953515 4.497751805571675 0.051246611150911225 1.597178201701698
0.3764489736286894 1.7471988109443668 0.9939998438967592 3.4394050440855093 0.10286439203540465 1.4649294687080117
0.30166157683971245 2.3034248179404484 0.7268169513241434 3.406875587443916 -0.0515241027071483 1.4033898535894955
0.007019101356452229 1.9445747360871113 0.9469426851365732 2.1544572169046248 -0.01959992788033338 1.5415855372527887
0.46539524173763286 0.3105176069216957 0.5747329539253755 3.472787989144172 -0.02766105962352783 1.7409317359858307
0.3287632362342913 0.5498619174283775 0.8554509888666888 3.8875781818713433 -0.08519288557692795 1.897609976571756
0.48265022050107576 2.4773434026890366 0.8690815237655278 3.600265231068634 0.15896927498826668 1.9859848811593257
0.4553118403512443 1.0858967177307641 0.805297528151647 3.8632480282505552 0.09161666448969558 1.29727207271917
0.47778306303435314 1.3286145574915758 0.8475142763240677 2.3437879523310325 -0.06783896324123082 1.3517764163407422
0.43940945814796784 0.6209021264519781 0.9291666753856825 4.91044633400811 -0.03284681184670757 1.9738852050852953
0.15587778024416987 0.5935995164850012 0.9708427126009656 3.31200633956955 0.09648701897711642 2.4641432781395576
0.029627296184252805 1.5215960085955444 0.9712556232637313 3.4459137898610535 0.19080851809802762 2.476802774928643
0.33653506107993403 0.6704189705799187 0.8861147309036179 2.6357750667232973 -0.10165164392483855 2.4264133275119875
0.29106771627538414 1.1701687517194754 0.9920150384681576 3.935868044029002 -0.14034860331402552 1.9983081198455142
0.12047561004405732 1.0015955341890996 0.9218220286033276 2.2222306457000762 0.15452185530891582 2.092652552504741
0.013544654305228887 0.00559526864406934 0.6691804685870749 3.018864607303602 -0.12522319353103273 1.142833897803105
0.33984359161875566 2.0477203108428554 0.6272867032282253 3.209935458584405 -0.1500961491609005 1.5311474385606032
0.10937312696197288 0.8112153242870183 0.6380708701903486 4.0528406471662795 -0.10047250752147115 2.0909937732495796
0.4791213516144911 1.413039055603917 0.7053173552721799 4.00755578771389 -0.17299258595794928 2.12903046210825
0.19140252814376646 1.52258755315938 0.8025531903094486 2.9502862615074217 0.061239650395554235 1.0129342690223764
0.4823838277556436 2.909640214235071 0.9829812751112665 2.5569880510817105 0.10375429344397652 1.4957622452693322
0.1733390067456309 0.6709277840476153 0.7666973055284607 4.2437392559912475 0.14275161243969725 2.147965778432063
0.3614249106585836 0.8628436241814028 0.9279570525621641 2.641033892128142 0.17951809615824604 1.6959386817961564
0.18082164659856992 0.8183326650721346 0.9037165949589847 4.622340846503859 0.024325461114972358 1.9504022924466202
0.3991868086465895 2.377423344578581 0.93419333587703 4.179455808181263 -0.012292138294962174 1.6596364589109864
0.196856870250828 2.8665599359858627 0.6274332086194647 2.423182229720328 -0.004514758123894985 2.473193573342426
0.09969325051332611 0.8393936753477812 0.6346005812004077 4.277583170089622 -0.03441026018991383 2.4992033953955324
0.1438405803828724 2.2258914974681216 0.61136606836327 4.295594425858916 -0.028385910264226932 2.3801817019969596
0.27768302731648264 1.873600033435218 0.6320574620472659 4.595606485682763 -0.041404280547218786 1.193153182125262
0.25669140180239913 2.783656917902093 0.9200191704224698 3.6990781341765717 0.009932913207102656 1.1722087977923228
0.08652098307040762 0.01527116511957094 0.7234654058950882 2.885270635826023 -0.09119809486062413 1.6930296828939322
0.43532049851616056 0.47304110139721156 0.5967639083423536 2.384470808599031 -0.09109345287066968 1.0880605707720226
0.371954561388991 0.27914875719540033 0.7730750299011506 3.221738245713003 -0.02089919895481218 1.8336384428391195
0.3658450638881751 0.46017538608644326 0.9231452818625878 2.1697279220646153 0.14800285557070192 2.351345556996204
0.4026989843489127 1.8538465391258643 0.740791746190506 2.948349070516224 -0.05946450757109806 1.8916641406442185
0.072071472348046 1.8045974174390222 0.625135350106913 2.6395502534862127 0.010367006422905722 2.4132913355133097
0.4501208398023879 2.878898408366388 0.9009759339176283 2.359553792890243 -0.09265447353639784 1.587059464046529
0.36839332726036805 0.8029797009237299 0.8732712232882532 2.53526637815855 0.13292141440475963 1.241438405801242
0.4424412154014721 2.9201763693834133 0.9759180853873893 4.344766946658553 0.13382114118765792 2.4528001936773194
0.4525298430464699 1.9338574778366375 0.7005233890415741 4.762590977886629 -0.0740995933480447 2.306354002339612
0.058913343749677105 2.347207182629841 0.7353320939257566 4.2323790237749295 -0.0719349884670126 1.3533869355412278
0.36025656430490793 1.687367968990695 0.8893723288069239 2.844467558189574 -0.19276394155593737 2.1497266285460372
0.008457741842612665 1.7526116525013777 0.5974428782405645 4.211169799429147 0.04158258699370926 1.4442305524141503
0.4969646429419993 1.1956657665480124 0.6285720825040697 2.921420808831873 0.0044515272174447396 1.6209206321399814
0.39366275371404835 0.014109317579542702 0.73308253839564 2.7719760617726417 -0.00601471765805775 1.0873504677782546
0.4928254293047634 1.8748334126095214 0.6247302072573784 2.179982328710158 0.07766889374353292 2.1827304708469564
0.004986600403078523 1.098447625388725 0.6749395180089599 2.3092444015216103 -0.06889390534852047 1.558181121731184
0.32564710442657196 0.4220241444055214 0.8732115962515444 2.6260086468380894 -0.1626055027741703 1.5501629536563082
0.41239268512069843 0.9767090572073345 0.5586583510510001 2.196531127207069 0.030379112079758686 1.333094035569999
0.18188936714584225 0.886251834803162 0.8658469503911929 4.77432452935235 -0.12148211487111876 1.6748610963593802
0.060299969615939086 2.024484572475928 0.9542606848191992 3.980486211500085 -0.029212626504253686 1.0968999965119965
0.3009150778252654 2.8623077917934543 0.644596551266782 2.971485698188773 -0.1453987382401973 1.5000630837393236
0.4789417502844425 2.4842481612774145 0.576050197831811 3.1715458251254964 0.006303635126208851 1.4902157893537589
0.21442572301191903 0.22552468381087276 0.9341785959629285 3.31494049025585 0.19617730574916148 1.6912524823521087
0.2740099781831662 1.9693217945481156 0.9441583241918947 4.140396724626852 0.061394583163491556 1.078564361043093
0.42731164783821995 0.21829833145438393 0.674088496364956 4.451364786858561 -0.11566831988002035 1.9815075739944499
0.36022784501288796 2.538342851105401 0.7807521688107818 3.420881011487504 -0.17010042439740689 1.5719349682754244
0.2926983702115244 1.4253013876102054 0.7614008062760179 4.777472844792639 0.14535734358169256 2.4676488801448038
0.16599154507411668 0.8955928875924664 0.9132401547264242 3.9520736150396156 0.05638777084593588 1.643679365196147
0.4920734818118132 0.6675159492471837 0.8635479789933194 4.26605349934142 -0.15657005367034108 2.333471844451182
0.09562391394147407 2.517864876485723 0.8686824580656349 3.5836493581261175 -0.06938375763072485 1.299986013878832
0.2941486169621026 1.4862348418948947 0.5942913153980971 2.085312634779184 -0.060388928937458924 2.190077569056319
0.2167718608795543 0.17773022084224743 0.6828640825432902 2.236620027593273 0.022006111753276963 1.8530819974495674
0.09807975976748856 2.4829040208515725 0.9269701780568628 4.735783246664535 0.16161522318363147 1.4142238995348386
0.3868222753946096 1.7315452364380093 0.9604886555732346 3.6595532527759267 0.11953221049868051 1.4203822443971648
0.32334296339331 2.912493263490868 0.7045644529213644 3.630942923680626 0.10654432437025346 1.0251602202137964
0.07055006081549536 0.7900427047757599 0.5951483341781567 4.927223349894318 -0.08949135846402215 1.3221060784293748
0.1493446997101881 0.5122394979450285 0.8641810239296464 4.196714864558766 -0.09426022436152781 1.662507257889588
0.37396038577060414 2.3977367873901163 0.7984004448795767 3.706536391387921 0.1979868209062376 1.192307713171764
0.08375184393897628 2.054485235765122 0.6708899105957667 3.4556120944765327 0.14687168447827953 1.9753710124082526
0.20743189744976442 2.9048755838846056 0.7325522854987241 2.6971953837562177 0.030209853574909046 2.1269044604013887
0.33849387625341626 0.3156150740923086 0.9453509051717002 4.842751512044005 0.11574531440910357 1.4412099402900374
0.11921754980737959 0.93422280822334 0.9590009263701607 2.502600928175113 0.14871932469268823 1.0705538541865574
0.26683479416204997 0.18990512781170066 0.6955713552159065 3.0359457547355664 0.04401992942827629 1.3750458854970802
0.1826081465432109 2.1440622710206645 0.6968349503697471 2.9364129591723183 -0.05703102213706965 1.062582189890054
0.36838065444633633 1.9597730187180598 0.5906788841062071 4.540689811602049 0.0795638462178142 1.8387085357332187
0.3926942312890541 0.4952991578368868 0.9871766605865699 4.316338110626605 0.19459359206886478 1.7279829364755361
0.3962804539302309 1.4357700161472682 0.740055850633298 3.7810058784914706 0.10794153104275 1.746645846633107
0.28505787633698576 0.47429505500357205 0.6632801435772003 3.3176895298943982 -0.04984800907457149 2.2539171985013446
0.2854667176319028 2.6102168092132185 0.8841419591147797 2.741719514715265 -0.04428218441227902 2.4507849682622207
0.492335815666323 2.478990809037903 0.74682601267011 4.192644016987266 0.0661544310181249 2.038975900946938
0.45091045565218874 0.32758452072046473 0.6453550338573925 2.5478062179254377 0.023420339458247647 1.2016001299810806
0.4838832501369546 0.16464454153302543 0.7359676962064666 4.890285498035601 0.09633995893782954 2.01499276698844
0.07956895668739494 1.8409815249058967 0.773267883044708 4.275915922304963 -0.14262248877497563 1.5056728140683264
0.2714359089066448 1.9843151608120353 0.6454802834972526 4.109732420328196 -0.1745987487019272 1.5240967145235207
0.07252945134773592 0.8134851706431698 0.6578779843494946 2.3496041846051123 0.12164799479741123 1.7027233434268818
0.034446182380568846 0.8858334772471954 0.5644696686541634 2.3383100327366897 0.12730483553003835 1.7634250701240977
0.1876784523069901 2.8360913142856594 0.6193363115241078 4.0406319670830495 0.11240341685156569 2.2353295424874875
0.016985181492861157 2.885880903726891 0.8328037980867707 3.8886843966222484 0.13047875712652646 1.630443776623483
0.1822557285996403 0.6878186907358206 0.7445958923738085 3.8661591421612984 0.10487615085510665 1.7899048693137372
0.10508087212399408 2.3727710411095257 0.747269118076762 4.9616112133436445 -0.17822313190276692 2.4126629006136415
0.29518793355573714 2.9737048750327144 0.8827694941169227 4.311159915553029 -0.0008181507576150993 2.429135584307075
0.23806935513896887 2.729095938333529 0.7783722269945144 4.78143045570196 -0.0828183334362635 2.279168711915492
0.18506391020165258 1.672618258856005 0.9954638363556976 2.3711743607788334 0.1624821588573062 1.6126604530874424
0.07998778844985899 2.4394912970535287 0.7855082063808736 4.673184772600722 -0.11948689289647096 1.6221597172840874
0.09143517876787016 1.6904469563749307 0.5751295591327171 4.139715987475153 0.11355966707241028 1.2954649857443348
0.1837430005620223 1.5874754588932998 0.638091859288068 2.799461647756014 -0.10363976673984894 1.912802079818174
0.47598002894621577 2.0234629871431085 0.7398334747829735 2.6409746878103495 -0.032906953198985345 1.9260012395255437
0.3425922121980058 1.5714866022675593 0.860679493326119 4.189086365377075 0.1695815380115519 1.8258377852993508
0.318393097459844 2.2805842875915245 0.6438047666481712 4.961554833825044 -0.0404505191449788 1.297591946713366
0.31951117565714005 1.0039364108128674 0.9208832682320356 2.4405064367885894 -0.08208366153718055 2.420874143791293
0.28336313921875994 1.8537599863887957 0.6321392330089801 4.330760454559268 -0.1735135184398848 1.676184968955877
0.35879036511754 0.024380645441938076 0.842790478389468 3.175686222544851 -0.005183097933732783 1.2611875677083175
0.1385749654067563 1.1328001386090532 0.7559815245372871 2.6754493742431213 -0.15034159896419175 2.122193748685068
0.3789964394430105 1.0584244310742144 0.9644206865687123 3.0600615845766956 0.013778082387430723 2.0606146817163133
0.06262067705879076 1.7583564904791045 0.966031436513058 3.534081800149643 -0.16719275740625836 2.2591688193048385
0.22560624595190293 0.06766610582356569 0.8158910089445851 3.99484913939125 0.11719352941667605 2.0501890681260067
0.002888832812312836 0.9199533061263 0.6530214383919695 3.0402754648062293 -0.07554950402584058 2.44858064628795
0.2751190252788973 1.8723452237192646 0.7737592277632657 3.60500173245525 0.06476046818727937 1.341224984305201
0.1609197470736099 2.3589612970186535 0.7036731674316813 2.5342966852557134 0.08487086331990545 2.0265950832333868
0.12497048494773316 1.8769080344071354 0.7724351853481654 4.321973444677232 0.12373503547649634 2.1223661013790998
0.11601582763486379 1.7195279818080225 0.6193932437022838 2.382728879110545 -0.16667936197330652 1.4165016822228644
0.1508271691272135 1.5698746386588938 0.7463137038550351 4.009947007772725 0.14017565166494989 1.6206215954993481
0.41412969236637204 2.4626845937620505 0.7738459145377234 3.2777333230412005 -0.12625435433254975 1.9260032966830707
0.4051730818261948 1.1147868304395754 0.5912228830023171 4.032916714431333 -0.13415780544214967 1.9268523454985733
0.3369239213486999 0.976527482110975 0.6879439015930205 3.4450817795887834 0.10224022857984028 1.0938515931663373
0.17414115729480578 2.6116301300534106 0.772517758091362 3.5384896961704153 -0.07944992980191162 1.4430267854641416
0.3807731967860221 0.48851683538387347 0.8825923815498831 4.190143386861365 -0.04643829719472614 2.2506227089585567
0.324994091837757 1.6859464807707618 0.7182320991012073 4.104389920243912 -0.12509705723845038 1.6374156453596185
0.3637416764248341 1.0668029708100764 0.8952240189379856 2.953020141108377 -0.16232459203516947 1.876221288205788
0.33929493557107826 1.3159534900083885 0.8638818739937386 3.7619106365476624 0.05061606349857983 1.7297249715658174
0.2261483401847656 2.211663364657758 0.7021152332052671 2.595106947079858 -0.19965697129731255 1.7953572893144318
0.14798733848109902 0.965159162275447 0.7577858622285261 2.826177050452921 -0.055525294921584395 1.205448963798257
0.3343517362587453 1.2875468440571567 0.7041270875257163 3.5217425442052726 0.18718171036788955 1.4049659245721773
0.35879483457560535 2.6168364373301696 0.9004430137159387 3.0679045806307306 -0.18897115658967106 2.1729382804666217
0.2398205352094785 0.790223524506984 0.9574236417100992 3.1182532852479614 -0.18294684971064235 2.191879485731832
0.4485722258925954 0.29144944837303344 0.6566508142335072 2.5998927030950814 0.06415029752792822 1.7499639289358069
0.46110718980439497 2.1097108586319773 0.8104134072706297 3.3895566134278656 -0.06447049301955507 1.426772651912384
0.27479429807577677 0.07031150137213127 0.6184786966352983 2.894296939438047 -0.13825603619135443 1.3350486593976458
0.07480475622062621 2.4697297649157024 0.8747077186538643 3.8020253020033277 -0.0850955716473047 1.2621400847974313
0.23446719571854835 1.8993612994784557 0.9244979054948338 4.933290843553012 -0.05516931038039807 1.2542872933761793
0.37286160364735144 0.1488144926699544 0.9036454210000324 3.817143193789586 0.14308739848696622 1.4289742591716912
0.3865841492493935 0.05274427154152461 0.5605250019378123 4.649439556667511 -0.1675634220536007 1.6267997878188278
0.30740436343527144 1.5039273203527186 0.7657773340020227 2.5221811058276695 -0.03285394272085923 2.237666672303993
0.2766820973129754 2.4791729762103003 0.7372436532476834 4.303743688904882 0.1917851167324766 1.1790321457479858
0.25035950175988697 1.0646926803869703 0.9366129041809552 2.42673253231216 -0.0701728489718387 1.5241153364342883
0.32990030022739475 1.7883141387543615 0.8814627901272111 3.5005860519659597 -0.1423292874393885 1.7400907944599393
0.3853121898644073 0.4537360879134056 0.9649540725825407 2.2138199643820315 -0.14381268668311759 1.7769536932329524
0.4533027604282821 1.6372298014341604 0.9592181646635407 2.7606296302038924 -0.19401675614302694 1.6645213992520254
0.18304028647229942 0.9764391041804268 0.7198269838915016 4.04950006372248 -0.05385235869787494 1.2621891596495431
0.10895940130814263 1.435967701466713 0.8168860277950809 3.023846392869355 0.028102513747953806 1.6079578191916064
0.29526995421087954 0.016026866730131872 0.6153164418271493 2.4791825671600165 0.17645790024286023 1.6818580033839634
0.053962255089265276 0.47161082875504334 0.6650177928803368 3.2419404091354034 -0.06786558753973068 1.9267444374199336
0.35781315916418066 0.014213094638874324 0.8972793600544625 4.637733877305867 -0.046200337902638555 1.9481085074341935
0.09841187579829086 2.1797592659929528 0.694948027411251 4.546400485100143 0.07162398880948412 1.0913663636456925
0.41933526354577033 1.7584457339670254 0.5740276230356609 4.990372150211961 0.19497641201156357 1.4930146259587331
0.01793466819746048 0.03601539014395161 0.7376794200886421 2.7484370922923405 0.055699525039853814 2.303165661907012
0.2588857035187399 0.9664028234159932 0.968707041702058 2.6091713810911585 -0.163151831499894 2.16751023819326
0.33689255699056725 2.2836928766770512 0.8902416235243922 2.183478466975873 -0.043777164680042835 1.4036008381976726
0.29340519117632924 2.0152449263221834 0.8777227732557238 2.846581643946347 -0.1166583077767141 1.3027157789104105
0.1770681664670845 1.838427607687906 0.9952628095914458 2.3002271557122294 0.03331437104499915 1.3126672655073994
0.2848521739119143 2.7236646486518077 0.6741974407372187 2.2671065026093613 -0.06611090932915245 1.2591953884358658
0.04001489479347625 1.7902834952451285 0.7421636746212594 4.736842049023081 0.11889670257056378 1.5887653388650218
0.03659128766189046 0.8470426235246514 0.8654532891248017 2.7685803285586146 -0.06241502412757036 2.486830386092435
0.40140614558186904 1.665581177390636 0.6889581036324567 2.0778348442350985 0.08150622362989124 2.1743312184291206
0.10986227818170724 2.3197951321681964 0.9308357549283942 2.3566055043403873 0.11512001500542318 1.5163778414608096
0.24944791217495255 0.21888911880737127 0.5559587204628799 4.016371597745628 -0.15460089171849623 2.170189225706511
0.1569183455486301 0.2465884984616804 0.867313861488851 2.376321677391908 0.1032434797162195 2.3258789216680453
0.24444727754444356 0.7200949134422763 0.7807402274808896 2.0799132420087387 -0.12193249915262139 1.5431836663489338
0.43282069588863686 2.6558504845590356 0.8609615495900481 2.723176974712962 -0.014561992916016953 1.6517319854792876
0.3822607798836727 0.08454374662746089 0.6125791127003258 4.821539675357137 0.06421815244093876 2.178897315139951
0.03856402078496157 2.8023263377792684 0.6186296025203193 3.843980027634688 -0.09292398821724679 2.48031236226132
0.4351273654926081 0.35374459881662346 0.7213991943359779 4.309632769956983 0.08320991429889024 1.2677480012566928
0.2103136779556996 1.8663457327219515 0.8160054932839061 4.0780729633280846 -0.13642428092563078 1.0224939620845692
0.4645563943832371 1.8289305623718377 0.6642394782248715 3.539207370738152 -0.09733722895806714 2.0330585515002237
0.08434224614007263 1.6004757237985612 0.9362935216497422 2.9750597775557246 0.18226041769967743 1.266014159021554
0.11583739833945333 2.24768722047315 0.6986209326819796 3.6826948078765205 0.030021345150574474 1.2049059093168364
0.05784042563863462 1.228661216613293 0.6161988908854696 4.221772251650632 0.001829662523215092 2.4767919407953713
0.0013508862395454346 0.8863641383247802 0.6600955082158109 2.871391592435402 0.10616901089833819 2.171215374378319
0.2095197209363202 2.3377898244684703 0.6861719482978266 4.431428986356162 -0.17781374026345917 2.4110286446178364
0.0910061162313166 0.2487640562068807 0.7572217217126426 3.878095877065701 0.19435066801697765 2.0759100216612794
0.007083820363834592 1.871601872707827 0.8728016664150995 3.8074491265556385 0.08505826038721165 2.28748613756485
0.4972633520551299 1.1642261876009015 0.8524340108309872 3.13019533851406 -0.1390285279936174 1.491880119769739
0.39357785038565074 0.006432386202652629 0.72085476094645 4.711232543683543 -0.06508413661991538 1.9538708283999005
0.2688883600056312 2.7515178237048907 0.5606704236960065 3.963294651086444 -0.08272044481144061 1.6851996283122692
0.20996825860958046 2.1556232519462397 0.5834145709154293 2.9882803037280627 -0.1568294581272677 2.138157428160611
0.37582626594930385 2.632549306230125 0.992171289983822 2.3197028972212332 0.08270197210519398 1.754507951341744
0.4372820633483228 2.889813069963674 0.852348788568839 3.219358650086961 0.0844028404209895 1.7935640859190547
0.09096170206244109 0.6665555405655939 0.9040871486216427 2.7919532180211064 -0.09978275584511738 1.6017968690374706
0.21230985753881038 2.4238057568683704 0.6836620647314081 4.560908695046049 0.14766607119153025 1.4691728639152868
0.033173335696726425 2.5885434223249595 0.7675091221385861 3.578359804701389 0.0460038551222397 1.2689572417694983
0.48005096794197044 0.428397876559112 0.8383914040148166 4.331066076422545 -0.13183525357223216 2.483661884188159
0.12824401133810331 2.678707143733545 0.8080394016761874 3.9967185173327158 0.1448694486886068 2.0458005511409887
0.4158448531101356 2.9295415055205134 0.8889265041812744 2.3558168113310725 -0.010729919107438951 1.1072915052336867
0.18681427850372034 1.4877083882148217 0.6616934669245881 4.162715018098341 0.1921447923156444 1.2763949517139126
0.2240915761518648 2.399616736890121 0.796477770257372 3.9780575376729437 -0.10640136696442513 1.110434734238226
0.38091590453022595 2.845845217410441 0.8230917294174861 2.4295888593710875 0.1830054317727282 2.1251293877664406
0.2571324352950323 2.378090446844178 0.6850276061004255 2.3972954214169726 -0.05782434430591851 2.1622257565314014
0.2822819225408662 0.19489172692132006 0.9864734673526383 3.295585283685168 0.04868350260710219 2.4045915339977624
0.3620673387968175 1.6290475455064417 0.6726164697221412 3.3723094616883458 -0.11939460291114479 1.6240267760872846
0.29557832537257045 0.4901632025655388 0.5833372571187908 4.561778416373249 -0.1608680163088823 1.4968282106808526
0.12974650929645798 1.3405717913848307 0.6675563982368261 3.069596865708015 0.12386956606836574 1.793603284762505
0.11396448669607201 1.1661271762967793 0.6280096387045767 4.50069957200742 -0.14549557306412442 2.2512826863576736
0.47297294845731336 1.4998293097232933 0.8140095160324637 3.6957490924141654 -0.05326894520830755 1.860431302972367
0.3877710015964014 1.4932408419587233 0.6428663591032884 4.975264345822781 -0.17180638192221065 1.866840797560982
0.36070830052554315 2.6419203784136194 0.5920829416254353 2.317763261789022 -0.08532954635881401 1.3557853066163714
0.357828257143955 2.958572024863986 0.5754572899249519 3.859526045479855 0.09640965828354142 1.592578316049203
0.33587682226402604 0.5059391489927102 0.9865878086418189 4.115145961412434 0.10069004447062796 1.7448224302738886
0.4302134331065624 1.6570044946447569 0.8807662800630103 4.910775459813247 -0.19398179048695996 1.5511844486786543
0.3964958558641955 0.03417288482171388 0.6657811873532734 3.3817776278298677 0.08523739836963684 1.205755934275869
0.3175478430906316 2.119616454935552 0.9646585692809636 4.645184337428128 0.11751415222644368 1.4000242120585962
0.36473037969190414 2.698630500266767 0.911382710314078 3.686607130801627 0.1409031785074324 1.9833108124663945
0.47398354571663076 0.3713804001961891 0.7705181306157747 2.1981367254633963 0.16950134628598618 1.6415134065301629
0.12627487223160272 2.6690946964044637 0.7734451412944825 3.9563171220652036 0.1890519333904111 1.5764960429756947
0.1775324639604669 2.665235330146652 0.9583070093711348 3.4504955897691505 0.1870065873806968 1.0303589084111877
0.12576758699556218 0.22981765111105146 0.8370388994313787 4.903388072455755 -0.14566887468853268 1.4401767947139104
0.042203974459838256 0.8959428966368086 0.6374176736793958 2.7798339612028493 0.002515781267956013 1.582708222932024
0.41901438069608926 1.5377466340036157 0.9547064328847901 2.214334506860277 -0.04801818849955644 1.7677686242855193
0.04025442041109911 2.4215988361379797 0.9153806305277098 3.3440424418846275 -0.042303859321711906 2.4171042647897636
0.3295778371149261 2.28780498330742 0.8038196394752861 2.8495418075947465 0.12858630499473528 1.5339715534912843
0.47961682532092287 0.5332428389892825 0.8546720242239287 2.3057852943252346 0.034802115050130145 1.5996719701841566
0.2685517524201741 1.209156426906341 0.9278613087245863 3.571095885285588 0.1501831114607483 2.17428935829962
0.1131224213255756 1.1309254329938416 0.9741814872316567 4.538138378949845 -0.15340115863492498 1.235454623797649
0.2910061989036286 0.6939133129746715 0.9081457493403479 4.562786722359694 0.05141126437875154 2.3772700677488627
0.46896214673968817 2.3072351863039215 0.6725806996127104 4.001780180892722 -0.020906167225843708 1.7500545680466773
0.038054535870665096 0.9978240713399547 0.6887949025766156 4.561900619312373 0.06422276963329432 1.4289658245308356
0.3805680203632521 0.5734764806667092 0.5595376179074489 2.214336879740869 0.07717033089945141 1.288112339031172
0.10820562111856402 0.2982680045557561 0.7014325186422355 4.697019459241085 0.19459667395794278 1.8261952783701696
0.48882459050589855 0.7042078285352181 0.9321073900740283 4.1369070580274965 0.19551187875523485 1.8057374990447714
