500 0.001
0.001 1.65 0.067 0.2
0.3118812511253912 2.7943096269159513 0.6547631051208944 2.6545650816458894 0.15111976199385946 2.2720591711491256
0.42306896223899637 0.5013642146652569 0.5858569606542176 2.4722484350965077 -0.1496145851968446 1.3635318978097097
0.028278439110541786 1.2336715216213947 0.9016824840758532 3.175487346959379 0.16350391451227608 2.268716553473918
0.3170199681830655 0.36744964985094974 0.578421153710729 2.0468215306338156 0.04506755614458552 2.2969606054947556
0.4505871062730918 2.848647863102577 0.5861991738378073 2.0348586164874427 0.19074910907331238 1.3753959065847123
0.17036081812039733 0.9912690338826864 0.9947506434098291 2.0988216469153826 0.10925551074665385 1.5604293557494187
0.12041418252409952 1.1897149473436572 0.5721337171906283 3.6594615387453002 -0.18190446742005772 2.1398030893648206
0.014492760461132848 0.9800084164608909 0.9579076039089318 2.320027034479023 0.09738402109024447 1.346174479287774
0.09555266065080686 1.7677028951590896 0.8416264385600276 2.51012609930199 -0.13677262636274326 1.801613766641117
0.4478655485599725 1.7248966127506145 0.7481706689680294 3.010832047222582 -0.17019050491394705 2.492758757774438
0.4431779417010641 0.2312363721635059 0.784333900549277 2.9102893752475665 0.0836575669688494 1.1434531934362349
0.40008364378333944 1.322004124025073 0.7784695454697851 3.1423994160544613 -0.1758594502460481 1.4191442675596062
0.24537329936172864 1.021615231894166 0.8572291719590284 3.5577003163784293 -0.007744873408126907 2.1258744351471135
0.48961474489759677 1.0362372439691219 0.9176260025847204 4.264138477553505 0.04670999536768053 1.9940750154702525
0.09254019679682957 0.034865975212942324 0.7404946983146693 3.8398539234630324 -0.07285174134319003 1.7835238824643915
0.25905509688748096 2.5792048860964263 0.9435377521613377 2.0746127911477434 -0.15678812564118216 1.161040286304162
0.25563506997840496 1.406379866472583 0.9604752021529435 4.446671304830683 0.16495504762610336 2.005598797706103
0.3067246605777819 1.2995726414821513 0.5919452524304208 3.639796674667284 -0.01179560529907367 1.5908227788720746
0.2868550675510353 2.1859333932112017 0.6824723947602316 4.896244359612716 -0.0680918320544259 2.476221918603974
0.3126111938685412 0.1414223281634256 0.6847986612416035 3.171034232441816 0.05581129246834299 2.013872520201031
