2000 0.001
0.0015 1.65 0.07 0.2
0.3943742511378656 0.29603695164060406 0.7088759400386675 4.867824858829236 -0.08608934646378104 1.2343605060777656
0.40769075205483185 2.0359785236253294 0.7231711490053707 3.354725368962769 0.16171109175428566 2.0692964111806136
0.07161781375500875 2.646053810245964 0.5708979614966518 4.484377189581707 -0.0857239062348043 2.401421974428884
0.3258401544777745 1.2111772056904755 0.947687335119273 3.6340007718077736 -0.0010587516833674704 1.6574245015163163
0.017529719779018293 0.9732394562977288 0.9315483270631305 4.656594387593914 -0.09443560140339408 1.1321116702646834
0.3898479501609538 0.8487089813132059 0.6135793803619776 4.608308881615614 -0.09347571731846177 1.6171896909648593
0.4579529524737354 2.1387394783356406 0.8849737414147298 4.575659358264991 -0.15703565128024521 1.2692705111008389
0.07136456176770856 0.2906207176213391 0.9137836524244705 3.749706303247721 0.17633138290974626 1.992742592697016
0.0806318349948415 2.4216399160628175 0.7983784524677707 4.207743222392322 -0.13343618824065667 1.2707233154719153
0.1785893320151627 0.37816570063750576 0.8425037213879853 3.069808175977636 0.0017479813648556275 2.2581631905845265
0.11799228881522689 2.533369169822281 0.8577285414681988 3.8546841472603686 -0.15132341066644914 1.2089631234131293
0.38621550641110614 2.0160696973857317 0.6978688980624678 2.5008452670430175 0.13370158191412224 2.404330658171152
0.1945864026059546 2.413242239301796 0.7491449392231693 3.8164240512129988 0.1702718158029326 2.1151272925276627
0.40823636908373534 0.3994907556234837 0.8305501732701281 4.8191904989328975 -0.16651644185622672 1.240094512145302
0.3361856390722988 0.02740137355704908 0.5722942975163817 4.232854283301544 0.08412544109732562 1.0330587138311373
0.052997748405784584 1.8108491722152968 0.7867263232797624 4.518304599948197 0.08209732183325802 1.7419660484767348
0.35858147029651555 1.2515058993246881 0.7086318700933835 2.7928442288507207 -0.17111527867722415 1.0663575890490653
0.09710383731615885 0.7317844422260259 0.7376402549333991 3.16279897418158 0.0850985536377698 2.1079933173691674
0.39273412681025854 2.675770742913455 0.733048503696767 2.6015482216871297 -0.05395844089436272 1.188548497443786
0.42690886296827285 0.6483958637143502 0.7792256387681427 4.214973708207614 -0.06969069797142194 1.6092766683984268
0.0864006606928378 0.9057760457412879 0.6189279391881521 4.342566435981253 0.09786666685996909 2.0285004035701695
0.032169518144875675 0.4014921969111753 0.9653103452086533 3.8620714415194963 -0.17105954078641836 1.1634476981403656
0.007911063529571327 0.37102314822242666 0.9575544185343523 2.2438310166602218 -0.07176590157656562 1.4251636104607177
0.3995831772410906 2.117226667846099 0.7298739490621181 3.8245065699796768 -0.12494229785036857 1.8689453812627213
0.3105459965674908 1.945756849580141 0.6624264883415426 3.181643302705278 -0.009793500204669764 1.9867251301012023
0.2569571682338862 2.7697407548402264 0.797887968094383 2.6197642514183843 0.11027725196391303 2.466816143858142
0.44714993670924746 1.3820595153332391 0.7907939954098787 4.232608986393527 -0.13346407456162185 1.7603767748367503
0.23446744940934144 1.0487020925804666 0.9886671024188176 3.736367883700056 0.007789375936067933 1.8644843437515524
0.24458590109605965 0.46924698277704713 0.7322540083497192 2.094409330762394 0.04893429291513632 1.8494776102321535
0.44661122848556783 0.694139110981428 0.7237166751391315 4.510952094061237 -0.05969474650636944 1.373940367413291
0.03631397568750738 1.3600760200375146 0.5892653310055617 2.0667648373606236 -0.09952791390966827 2.316450694506032
0.4111256681023412 0.3335092858870349 0.920545030512691 3.2124340063965957 0.12199095571143431 1.9905697269074025
0.2003822926883556 2.0959835852068753 0.7198319562090651 2.799856034959702 0.002673751462870383 1.950547198606649
0.09978249857872867 2.692797235378228 0.9165632447127696 2.207915504001866 -0.0712902177377567 1.6393750536900304
0.17185176583909945 2.924038509307678 0.5842014985193057 3.6516003598187714 0.06415500154249493 1.4895762761312532
0.38924056748955527 1.9366170238055151 0.937210151853078 4.731114673391024 -0.04025983837259561 1.7025877690757631
0.15883036361549435 2.9023622285662127 0.5891254503431175 2.049508146503255 -0.1785843171352319 2.066455639418127
0.423814946242559 0.4390959089870049 0.7521331839443706 3.093002326655884 0.18972323656912898 1.3067962726767395
0.19723026253739667 2.5607255087793472 0.9593085871416072 4.9492574785682955 0.12783236389075414 2.1632443445105665
0.18812357254776296 2.0453633129833166 0.6478524898672419 4.049752602932724 -0.03899490130843461 2.4350922261046737
0.2916269244542412 0.030821104494518914 0.5896804781887065 2.8835028843853103 0.10453950773242576 2.1091947710374477
0.3038255052209159 0.3691117037521121 0.6464115284538859 4.72550105886189 -0.1685774435759262 1.2057512748174208
0.2569040740480233 1.181591745918872 0.8799499167521682 3.1410913155156477 -0.017759321966375474 2.107185201639595
0.3831091254208278 2.519290535726091 0.7973790670835535 2.2252887343634056 -0.0898447697151287 2.3753855742092087
0.12083732734762964 0.44934053959790277 0.6891581868288792 2.5600441265897116 -0.0073985254351625895 2.154324569084393
0.34471849480419386 1.0697304352380792 0.6677156639557837 4.362652142074742 -0.0317125635676716 2.414756064779793
0.05294813123340808 1.6827598374343409 0.5574107486140685 2.1368292279001326 0.02055533770031523 2.2497140230440946
0.02619939189792858 0.2775980354619868 0.6765688635091426 3.8821195537385353 0.1181307960626688 1.4984775446096092
0.21001854478398807 1.7374681962925589 0.7223225532088479 2.6537469735526598 0.015501708623924942 1.9330252005671247
0.1729603950121532 1.9291896761272267 0.8489381700429894 4.263221958593882 -0.18556620570450055 1.46602050355971
0.4810548431420648 2.616961676801881 0.8877755770254054 2.902468988768915 -0.07143091617659875 2.307618073315261
0.45625620633650543 1.1758811111691254 0.7336328585990962 2.091697816025828 0.062033138678031674 1.2352602083660684
0.18006288858824498 1.587631586484925 0.8276912085177683 4.264055311455373 0.15078290559667823 1.0456021475379538
0.40744253569039746 0.6502152341970056 0.9236422288173256 2.6602358201180314 0.052874276966612066 1.4160507376022604
0.1434659680604396 0.05254582640428518 0.6707667972697292 2.9231562231268096 -0.15204379748237873 2.2120363693132723
0.1541354709688395 1.5228158716622016 0.9709378008691429 3.373156464743925 0.09998037233874679 1.8174037508046672
0.1306451189013802 1.0090558113477406 0.7466073334046978 2.7633483271887043 -0.12701700610190284 1.788539307186424
0.3230054120842378 2.7698887088499555 0.5556822560320974 2.87534027666528 -0.14199057163427875 1.5671789022404568
0.3407862164928317 2.5358271975930102 0.6735719134753692 2.827788724242695 -0.163108905165904 1.3312945515044452
0.4785935722731043 2.1521216609929357 0.8073403083789574 2.8117029203292816 -0.1569702007435776 1.258825992070519
0.1247161422726481 1.8806969234786792 0.7037571055091539 4.250330343420358 -0.18691776653898803 1.0749357082076985
0.2602641874666817 2.5673739297699982 0.6775912811837042 2.002628869251938 -0.17895069745843487 2.303168840010967
0.2522818429449603 2.321612346742826 0.8579539353126819 4.017215544692786 -0.07492600176177372 2.3370395612727286
0.24156383967139516 0.8965042653683201 0.9422567452088497 3.3667074753258635 -0.07190400251709517 1.5687656062261128
0.4279486222662192 2.24688115411418 0.6872957565968104 4.114226937246376 -0.059902982443518216 1.65850232977687
0.19783800296351362 1.0333166121183193 0.8160069526301564 2.661749386660212 -0.11968922386110666 1.5629819478642766
0.472211959399785 1.7096751618315735 0.6215764661890454 2.23271780353651 -0.1950497888461442 1.0791573029247923
0.38399699670077564 0.856830252223343 0.5669325777188221 3.460378139667592 -0.178278888624123 2.3414434282033736
0.27930818535158014 1.9762324984728048 0.8357264721936228 3.93184396034719 -0.04127497056821547 1.490346290330001
0.4292967384392655 2.5649783910847077 0.6966159383136772 3.322308639308539 0.026364440203325096 1.3099673112486039
0.05571415265196239 1.1370742193842298 0.6570096045436138 4.167861038020258 -0.13654971284796003 2.383394162584647
0.3917335908694702 1.6319879665536887 0.7982561249110521 2.623556720534442 0.17648494192361858 2.31034140358543
0.21518689700734733 1.7886507079429828 0.7299002284207204 3.5479794706661503 -0.1273826732927319 1.5930729117459965
0.0922325003052844 0.6784452495658855 0.7236004325003612 4.25236545473378 0.06510602151340045 2.1560520948565576
0.15993919204238116 0.17152322884284998 0.975161840790168 4.960006672542618 0.19099966831271936 1.5587096764650281
0.20445461079896604 1.429196312411225 0.6891015699500874 2.2712325563826816 -0.10768117280755991 1.0244744665938568
0.04108033360368374 0.4061848582801273 0.6940110889147943 2.907271983000811 -0.06057746009722362 1.403871103450252
0.2026248431764444 0.23364047455455783 0.7217092822904754 2.86063168991196 -0.043589583479093724 2.335264417189124
0.14222298437618042 2.0543054233268965 0.8654358466520597 3.666889745061466 -0.19341741101674828 1.378795979340256
0.1350109484486815 0.46987935103830103 0.6580674224064044 3.3559024552659755 -0.10397150522960885 1.3635514867130545
0.47160473723380486 2.218783564087685 0.9857167432053812 2.353452264613335 -0.01640405721744384 1.2555375180977228
0.2912986068927838 1.484404115287464 0.9672234700998508 2.897484727521783 -0.131510927928567 2.458821242999371
0.21022802798395918 1.1710727711351643 0.7101484041453512 3.51593070974652 0.1839786666769438 1.6788177859612128
0.11526278366994808 0.0319290813739721 0.6343825675453298 4.474405230643425 0.02563585432935689 1.3811558638622368
0.21713728393825865 2.3030590152931514 0.7178116334761467 3.286434329528091 -0.029028568798830617 1.057065129509184
0.07254277582604207 0.8252759179913794 0.8127661870569346 4.790952765474223 -0.1174568510992117 1.7702574274117098
0.4102294505037892 0.08507307289922783 0.8552042908076862 3.4578697344416844 0.19331854301944412 2.2037867025676006
0.3251990402036006 1.0376399814664479 0.817806235732677 3.8374213472796033 0.0275608827047987 2.3690756146530454
0.2949594899292781 0.4081916120529727 0.8312375683548039 2.2708456518258173 -0.1244967515487586 1.5686247542997283
0.42975087729350614 1.0115567066926254 0.5603196863142458 3.333743379705964 0.13507333388255377 2.028147320818023
0.20522452709635453 1.7951340243603382 0.9337403260390532 3.273854860204106 -0.06344198914844501 1.4344740559345635
0.3218259454962551 0.2207320790790568 0.9485135649343986 3.210938349988024 -0.15726427649022168 1.715935370706041
0.21679575565744635 1.925581920825331 0.7502057543949909 4.733053327609497 0.08887358759057018 2.2269931326773107
0.4320677753149737 2.3014990803982966 0.5693318405849259 3.7950570743502823 -0.11225926033046836 1.4113133222570389
0.3365131082593236 1.0686701446277103 0.9995000055430295 3.090525035415385 0.07016105594562755 2.376436951693748
0.3366047296070994 0.3810065959649396 0.6370640155634704 2.914985703464565 -0.12217848581318269 1.2191251736046154
0.49732697644937884 1.2367315512383534 0.706654361796386 4.74752683579 -0.021641584264296465 2.493606681336282
0.1842982276959742 0.15373201876630505 0.9549727563966328 3.9896188555118033 0.14794217332760823 1.3633640448466346
0.19868747662812591 1.9113384589543636 0.6708982973710187 4.540954061591309 -0.15970290572817053 1.761099227065048
0.04509820729165204 1.3393066300979184 0.8243296649563367 3.1680625543561423 -0.1289643113149173 1.118105526449853
0.21765213552430634 1.9023203146577052 0.6149321541509656 3.7540709928279226 0.18649664561718443 1.6278634145100805
0.4506409153578921 0.40969329946302824 0.7937236592735951 4.144172556151165 -0.18565571448665025 1.9427561212528872
0.2305174549216089 0.26004822444616904 0.7648467512659741 3.728607930119458 0.11435226869011966 2.029509718862414
0.058402353936411355 0.7125206043663409 0.6859566742143501 2.102354806390451 0.1306731028704503 2.462334435935513
0.4124385159843984 0.9424204608219522 0.8097857143435796 3.542967752226232 -0.002758802820433781 1.4600091529206292
0.17730965780387065 0.4206786809444294 0.9642227958874832 2.440937294087004 -0.13955594756342526 1.0518425031954826
0.45646511772357223 1.2919378040588585 0.8788174608889234 3.295023753692806 -0.10663418389137087 1.254020267512011
0.12032168496599821 0.07027365017667231 0.8282767597608988 2.365724296058623 0.005228053266319227 1.432322684480309
0.3322493381875062 2.6614434128568742 0.7989752020032332 3.351010511719609 -0.10728580392514707 1.7568911345481513
0.06728095717774751 2.9463904534779966 0.8322781801331667 4.561207486237864 -0.1635755654664741 1.135715835255843
0.24503417885321366 2.5379750547566617 0.70197550711609 3.5196127976601814 -0.02080274861867598 1.39179721304829
0.32048417088893144 1.4808700811258646 0.597951829880786 3.6267642663779704 0.18350070866423474 1.8882585252109299
0.262405271196341 2.6510847285496526 0.5916406660927456 4.782437542192261 -0.10735339327317238 2.1322313909348716
0.3856382663317688 1.2840648914441681 0.5913323700132362 3.1324732475284716 -0.05886418427840165 1.9172111069267443
0.3746743259539548 2.9622613570159952 0.8358114506243746 4.212921708551941 0.16505204587205452 2.447701641991363
0.3418727784194954 2.7385334166914763 0.8297237886151394 4.8024087083433775 -0.004063655466050087 1.3872408332903194
0.067581275275864 0.34828551926880713 0.6678075088617486 2.217113984800421 0.174493545942913 2.128149827882168
0.47161699706425086 2.2756154273379225 0.8341825782012631 4.111312153932537 0.03923384017427117 1.9450477536411495
0.3295071078920488 1.1993873859203876 0.5924011563925506 2.7625463325131596 -0.0933266857212932 2.15315153899258
0.38712698119933164 0.007600625477515943 0.87581497370022 3.8281881558795283 -0.15987655814387677 2.1347474685822894
0.48814572494519587 0.935878135907502 0.8768153014041873 4.926945497158976 0.005005846573455985 1.6268392880473481
0.27751730759298865 1.7236974992098204 0.8238651915419618 4.270283971642007 0.1558266676418793 1.9867877101529732
0.2710022616629939 0.6338803622750506 0.7349709483508741 4.098586966309037 0.05915960661841668 1.5994518415936274
0.1996074803158273 2.2491571647550086 0.6968670229551623 2.9885925706922682 -0.17140452322257121 1.46583908254132
0.35309402578624005 0.7085030189276424 0.7322934433485786 2.050612406437819 0.09356397307011621 2.118272926129753
0.1577158398800142 2.357262280901814 0.9246073546262117 4.50516844036019 -0.18930887814813438 2.29611291997091
0.09464113968570675 0.7327653273741158 0.6281113177564365 4.960964123103107 -0.12821710873825315 2.2789944850891413
0.2248721637219015 0.08705225989109833 0.5631178510702606 4.611093862755733 -0.1497528881014273 2.056419718744225
0.45887860196822966 1.5748387602436218 0.6077851535250837 3.969437784396864 -0.14876374333110842 2.2473819592330737
0.3422733573486968 0.6840873218114949 0.7160751887596134 2.307383735427303 0.18146524274839526 1.6918619668280177
0.0843920996681603 1.4333846873171567 0.9616266473670609 3.110233837124957 -0.06985875454943216 1.5188596738702715
0.1506285797471496 0.2817229650358236 0.9088888331763048 3.5954349509621863 0.01993472703686533 1.8899949797417348
0.08985745496437397 1.7947119918792436 0.6337614950816597 2.904512217800404 -0.018229231367502152 2.245773210992615
0.30991730759559183 0.9609264766679858 0.6732690168338695 3.5723415627934094 0.09377250724984376 1.705532115057069
0.30101903708067945 0.47403630037820277 0.5617223141178881 4.33553376141717 0.04229890255159305 2.423879143323099
0.22985198997971723 1.2314510058070711 0.9865262230981302 4.607831280852908 -0.06535847950436421 1.9831520722131115
0.2579161562614331 2.57289796539838 0.9432481872694309 3.886325935247359 -0.13926035705119763 2.0031041061939048
0.36450756680068 0.9657048511687003 0.9000376398050296 2.9742965031162645 0.09770543081244781 1.6756227190488087
0.271692219537851 2.469105471944482 0.6199800415594812 2.394269407396203 -0.13415411435578783 2.0495058585524286
0.4232254809135058 1.0356579123724627 0.7401876139999121 4.713503240055298 -0.10463320386569058 1.7801850418631946
0.3607938526290064 0.6590795034244625 0.6789780267566166 2.9234458962899756 -0.14883972801293313 2.2542847425723638
0.030011025998610663 1.4171815761590623 0.989194282168816 2.6306662637388323 -0.06825289826663311 2.0044534142539843
0.38186616074311236 1.4683487723647106 0.5523460428067422 2.1050076814529075 0.009356939357585942 1.5614166734621815
0.4445484009716641 1.3322083703950365 0.5784948818307037 4.354453246811925 -0.02629332197286577 2.0053418291135414
0.043488330525054464 0.24421849466061973 0.9301958859175001 2.7120007101355474 -0.049692802384574464 2.289512703268127
0.28077974760549873 2.564633351551577 0.6544630157703313 2.107172696476905 0.1587923184901504 1.206786063524602
0.1510389009181392 2.64997807366865 0.6045861310415145 4.714306189218338 -0.15449044327919104 1.5835652571338776
0.4377156637412948 0.4375419965809576 0.7693362379408049 2.889994106748504 -0.08627519236434496 1.1611910401294414
0.2759520398727528 1.3543199155846097 0.8702991583950848 2.270391142144487 -0.1434055735808394 1.2052738426126517
0.4928501285892261 2.4617259746620808 0.8315426135973706 3.4644065581222794 0.16074960138966504 2.4139792174824777
0.13304897170052477 0.10861884820949186 0.6630572247120746 2.6458041345470833 0.08275635234967865 2.105984448045797
0.40596746620919744 0.31176090107423293 0.8956219376412411 3.6892154196372626 0.19656648860234788 2.2781365495854984
0.22019395476680736 1.6018806138736572 0.7442704385002166 4.423265172289915 -0.08154644092771589 2.057256218440707
0.3716011298747473 2.353862987385478 0.7789082375557255 2.4114158093031577 -0.04653942406889314 1.1807234220944243
0.4848393505426452 0.21434294071614624 0.6549458407589327 2.8692637126601483 0.07047062201419346 2.3154870915285186
0.45442692043746163 0.7388258680243351 0.6752475681446573 4.454379540837596 -0.08020266737090385 1.4421105407650079
0.009948732633570712 0.855122373341287 0.6644300918846012 3.170208957308862 -0.07256582811603804 2.3669072306833217
0.4602869667968436 0.3201443463510437 0.5638588541239276 2.4033781639556953 -0.032299116817648826 2.244245268391747
0.17566437538761537 2.847364217740987 0.6112494939525356 2.349185217078679 -0.05298503748112876 2.206146974620533
0.4782006484738788 2.009501651436506 0.8588964042170519 2.9713259765515114 -0.1122805823111348 1.302178134128655
0.349259927203659 0.8348740476917116 0.6584220159831229 3.4176317180455738 0.07241640518166259 1.8207689319631937
0.3737243317557757 0.6305790467723722 0.9531025378605029 4.5104756211499 0.19502982148466186 1.3812530192662724
0.14693311103159828 0.6174619681673554 0.8916356116875314 4.169778657557359 0.019196309456011473 1.988386697348445
0.3405656163073991 1.924714838430688 0.9796378154641449 2.952934784073479 -0.0579957416542603 2.488008570170993
0.07066970438315506 2.179815339869103 0.6099837801282026 2.2580257591252946 0.03890635649764057 1.7693469707975504
0.17474293995882717 1.6803316117825982 0.8415988544341412 3.744880590211114 0.10786532707956659 1.327732579223146
0.10983351475971642 2.909075087630533 0.9255446981341044 4.7402032329091215 0.10093783677504636 2.143892563133599
0.38814124490275576 2.3711450588110408 0.7681911982551622 3.914746625369743 -0.10103137960538638 1.2116968326380413
0.4060064864119695 2.3819569843143005 0.732564229481055 2.661447816280315 -0.16772234543547548 1.68543745143825
0.49618054354833374 2.6396004011462315 0.785354764212735 3.817220945130146 -0.12850755953035897 2.3079011136829717
0.06483987356229642 0.8566671156889537 0.867037004874353 4.829526380655585 -0.1534466358686855 1.5990880420196865
0.14631557911484427 2.316216643909001 0.7830442150321595 4.7221875242360465 -0.1648023688247774 1.1653355159636545
0.055780071834776956 1.007096800046587 0.9686728354887935 4.369219978572383 -0.07658594340153613 1.8986294327191304
0.4204558278444433 0.5356079939122015 0.8958659521891517 3.308945452671744 0.027684836765941384 1.1529065203755329
0.03223807170476223 2.402754070739884 0.6580931384163069 4.511091111029581 -0.14807777208134174 1.192387376697805
0.15567541645088412 2.4670262229844333 0.7290473835418794 2.6284255460231467 0.11635405764044238 1.3909044621848294
0.2872985241066076 2.7891888920967958 0.8321977334715935 4.031618327847864 -0.12852727621283105 1.7629861159827156
0.4825370213325762 2.4362851138683057 0.7410549841065336 3.612229432220786 -0.10691043648750394 1.6945334246080432
0.17164765788422948 1.4888637806950324 0.899424262350834 2.6721133137858004 0.12591862696135642 1.3778807036054133
0.4817539775997987 1.7174956593175095 0.7516852671634895 4.23497349276183 0.14316982241468268 1.1507602363078318
0.14346152146174473 2.984577319354716 0.8969870127022888 2.5086368969430985 -0.10259438878803216 2.36663659534906
0.4047054923339105 0.8978205803207593 0.9815237534352734 4.2662502764237455 0.07410576897926263 2.2467649925253257
0.2889375064444457 1.7380107223506032 0.8297711419395148 4.789724044927638 -0.161592460841116 2.2384743653915784
0.12219088427220537 2.087618951308048 0.918531566805937 3.8311745598743716 -0.02051738316033941 2.0582133625006063
0.07714537580060671 2.852468984656135 0.6582070174009134 3.2173553419471936 0.1727830755014355 2.3179999471295147
0.23647370718581606 1.7638079427874698 0.7565591804539452 3.0080605986088615 0.05747401050014661 2.2276836109051996
0.11103093699646277 0.8021988376263542 0.7392451838372608 3.339345466801068 -0.17826076400598337 1.3401991840946377
0.174149554951136 1.7282802406446889 0.8119486931745163 4.740030491635108 -0.07649872236995653 1.3252720916569503
0.3231347166825566 1.6941077308261034 0.9151228265458236 4.237694423150839 -0.1490457370558679 1.8430214103325684
0.16584609062136524 2.9754801476629296 0.6169894510860802 2.4062179035712035 -0.18117051513421367 1.9178458431533418
0.3368037408322066 2.9236333987832266 0.7867380646337919 4.642970821729772 -0.08991062670831762 1.6665078131536784
0.1466632351220719 1.636831692049693 0.6603886960752301 4.099046817763897 -0.04400921070146896 1.8741265900877981
0.37311648174715484 2.7230708717680208 0.7576085439933682 4.469081967836171 -0.1807876113072882 1.7922737973754377
0.1378956383559264 1.9414326777825985 0.9131317085227051 3.311727443127082 0.0948220628207444 1.3397125497142923
0.3713326888119063 0.2692386471433369 0.8349861949070299 3.078008296758523 0.020599987873788583 2.1478293786731353
0.28671437134778854 2.1753202486142773 0.9088531292172519 2.438420142574147 0.12579100497944434 1.0615377134766713
0.17479396173293715 1.1308830652121742 0.839417430663171 4.857720417369192 -0.02834529525163404 1.6943284190342731
0.4962759672420523 0.6240876620714307 0.864435017832929 4.6590739524726335 -0.18181928325614832 1.1761496363176747
0.4103538022266539 1.8583431971532813 0.700813142423631 2.992709417722835 0.07193399810239076 1.1714413138275022
0.3691692537885048 1.6286385814218454 0.6961113913315724 4.2442840837936515 0.13916557381323424 2.2553335597077253
0.08541319489633503 0.19287655407734638 0.7536989898030917 3.542771470956194 -0.09840361993118592 1.1041683956505661
0.08943292964194632 2.4189661742044573 0.8429787967857223 4.746730046199808 0.006963927115137297 1.125206302379223
0.06744213335764526 2.8795734134033633 0.820865362967724 3.677584736444709 0.04580959541334692 1.0927743973943873
0.11492492912840374 2.233492258143766 0.7560429532928352 2.081590646539615 0.19092061605367966 2.2398570994460267
0.29992194411554757 2.016146105027774 0.810394021130816 4.603992159463726 0.07521222959977014 1.266321862956737
0.21441952083917637 1.1389534165426283 0.6211965007769329 4.497704101660435 0.06450174789635743 2.4060061101488373
0.4718178768826604 1.9560209866697185 0.7269454010509783 4.242011340014454 -0.07542827790038796 1.605619915275172
0.37001586278708637 0.4812643570874475 0.780063783999732 4.060082031571195 0.01688397288181087 2.4855405740859644
0.4468450423943051 2.4304402898950235 0.7987842687710255 3.2150185760726555 0.06254265213368637 1.3762169971390557
0.3328659313882942 2.600015425485359 0.9355315458779379 4.553311937142731 -0.18111111614347603 1.5469591301833077
0.013924911082209612 2.8480575201241893 0.9406044509012879 4.870614370127542 -0.09460552673015665 1.5126766226573545
0.3528874859471666 1.875656718107847 0.9968202846600862 2.085771046407939 -0.008824078106611843 1.6033987793212243
0.30392010880691206 2.4936895475770955 0.6424103862997915 3.960067805919081 -0.10291081568537819 1.1241810095644578
0.436306966598763 1.1765942939136416 0.5586053467980437 2.2290742774589294 -0.03509601423561248 1.3824937722547646
0.22092451630294568 2.317890064683015 0.7439930978514019 2.146493016109866 -0.0298675239365008 2.1681040224139974
0.11442428487774164 1.7333228747025717 0.6297402887541466 3.6917971986872433 -0.01141319418911127 1.9865546370006073
0.29944144940918443 1.5221571522987376 0.7035085315711247 4.60276803799799 -0.0024588630731444128 2.372316189310108
0.46656932758989206 0.05118316059666861 0.8989063940382932 3.6821823769613387 0.037640579357489656 1.5629775476958219
0.4881869644903699 1.8442497187890874 0.6048872887766886 2.072564755434535 -0.04457744750932818 2.474522945880268
0.3372158116798932 1.0297350070354252 0.7881636628599125 2.929946930879035 0.13266670195407754 2.4068933943979904
0.29624851039917743 1.5981465393265943 0.6484144449815306 2.4751422604336053 -0.060665846124883294 1.1725307178132796
0.29856552754448684 0.8941724423524638 0.9749707795585394 2.696392148719151 -0.10730680338545376 1.2002087304926892
0.3689152734827985 1.1079830720331727 0.6317025710844371 4.141891991334509 0.06590726636999455 1.9443573034036468
0.18427496070192295 1.9188709762196359 0.7960686648011552 2.1517832817425497 0.19527211276378786 1.8243170311030141
0.45258739184971797 2.7429921734983664 0.8484628792870875 3.0430308220084497 0.10281164055919761 2.0729969078489274
0.3820361243934085 2.0258166613255573 0.7377909151862247 2.334790292642351 -0.1645031468668719 1.0966211422232195
0.37147542887443963 2.6181235624967742 0.6803105517419707 2.584595620074158 -0.11970144797444422 2.4885169719300535
0.14719280481445468 0.3919307733622929 0.853133491826363 3.9628516271465197 -0.11640862186966966 1.8822185990375957
0.2036199091082238 1.3039314983143837 0.8770746559700924 4.665158728992504 0.06743843051877507 1.4841795246257927
0.1403179813932744 1.0478254780235492 0.6698748684885931 4.423551238587037 -0.07143632159217747 1.6835582885761422
0.025674221468145575 2.1939111061456535 0.9619369754520453 3.7393654878147196 0.14986366112403 2.215528028677083
0.19367539206113266 1.6872019310703603 0.6265527597868977 4.586897004480154 -0.11723539256839857 2.0953102981043523
0.31033763419396343 2.7851902910298 0.8120963146657179 3.9739645128335375 0.1984316224668201 1.3618916282952829
0.27140266861016377 0.9141629017574563 0.5932827947825552 2.7448016587459336 -0.12006548567721138 1.6808282597473863
0.4191744977299977 1.261326304837029 0.6388945522186718 3.980287531043789 -0.05131379443989098 2.2859263232740252
0.29852932923614167 2.369422137051715 0.7613737282514677 4.046996177237119 0.07559784834671401 2.0733264190982297
0.22985499934903147 0.9176983099557323 0.8953273673844357 4.614537477292955 -0.1822249863261395 1.5821927069266182
0.458189225163371 2.9989344013927672 0.7427810063389761 4.030985750666895 -0.024359301671250083 1.44057518073972
0.1840164774503802 0.29275506132702755 0.6748569696069132 4.310432900612461 0.018990013277134926 1.6023588003747984
0.3809460452601974 2.8895552162625613 0.7308057552026783 4.46036580374469 0.02261975570485464 1.5161087156563742
0.3548813276068353 0.718709494871267 0.7347217148094125 2.606166159778847 0.037211754677437314 1.7965756867534317
0.19144705253271455 2.9079842668386604 0.7786825348835897 3.3695772577315353 0.06756563732474052 2.2201355513332826
0.10218137826428958 1.7950411150012653 0.564085161261313 2.047752392696802 0.05738540716376167 1.1990444924449237
0.3366995789609653 0.3933058131297109 0.9013148981678984 2.8552844315613997 -0.08481529092450818 1.1025406059643266
0.4239334785657717 1.0954715699339435 0.6151144431985426 4.640890757400702 -0.03669364909708639 1.4678499762264128
0.3820146952673474 0.05229370224683094 0.650375963979232 3.95246944418003 -0.15607047604838709 1.4102552216664028
0.06328867105059843 0.31502591694208604 0.5896493199042635 4.915653558283613 -0.12409146388157583 1.67485592675366
0.09303189574526599 1.7652360071685143 0.5691298669057873 4.802713995906855 -0.06426834520971805 2.2327747516103513
0.3961908132015794 2.6027598237031677 0.6926152050088414 2.1878677639271005 -0.014528812847677486 1.0102786851706465
0.15454057084655948 0.7180430443982829 0.9122010140690449 2.80418634163659 0.13600289891785394 2.195061298928625
0.39170537247383164 2.690802030007068 0.9467809658572175 4.539294938819445 -0.19843259234760754 1.4015963810664473
