200 0.001
0.002 1.65 0.07 0.25
0.1585130993726046 0.677785089465806 0.6644862634072233 2.1670631634514623 0.08768289918154337 1.8547559381319776
0.3801091617792845 1.8720486442644262 0.9521808809430832 3.648276034143358 0.022991264682289347 1.3142446041753881
0.2136594310645234 0.039032776653718515 0.8122073692014398 2.746386385800921 0.13103552343235364 1.6353735296112442
0.4871405991920207 1.3666121025445976 0.978497848181137 2.086967024900023 -0.00917617833609935 2.2047069826149817
0.34515471559427824 0.7886316734471558 0.8062506451766009 2.5561895541046202 0.15061924984566388 1.3497751731332273
0.3399355963883421 2.026305751134016 0.8323970739230648 2.6616202125235278 -0.1826740180560126 2.045558530089237
0.0004632428122752774 0.2788038323314924 0.9017909600567733 2.8718841140586004 -0.16429476192636747 1.2405840528011125
0.07853462967691138 0.3328518152008636 0.5666566182029752 3.720577289560012 -0.05862875114852947 2.023678528881639
0.35279980317176207 2.3882102251658557 0.7425623061783182 2.942223661506987 -0.007094983573424141 1.961412379627802
0.10765202996541418 2.256103356956448 0.852661971262613 3.072695445914296 0.18616454889117917 2.4372075391286843
